# Trouble in Terrorist Town weapon/ammo placement overrides
# For map: ttt_lost_temple_v2
# Exported by: [REALM] Robopossum
setting:	replacespawns 0
weapon_ttt_smokegrenade	242.813004 468.811005 -1371.270020	0.000 316.500 0.000
weapon_ttt_smokegrenade	233.679001 466.450012 -1371.270020	0.000 17.500 112.000
weapon_ttt_smokegrenade	227.669006 452.852997 -1369.270020	0.000 263.000 -79.500
weapon_ttt_smokegrenade	2536.739990 -279.931000 -1355.270020	0.000 0.000 0.000
weapon_ttt_smokegrenade	2532.800049 -295.188995 -1355.270020	0.000 0.000 0.000
weapon_ttt_smokegrenade	2530.229980 -284.473999 -1355.270020	0.000 0.000 0.000
weapon_ttt_smokegrenade	1490.739990 2264.800049 -1414.270020	0.000 0.000 0.000
weapon_ttt_smokegrenade	1469.000000 2272.070068 -1414.270020	0.000 0.000 0.000
weapon_ttt_smokegrenade	1483.239990 2270.389893 -1414.270020	0.000 0.000 0.000
weapon_ttt_smokegrenade	3019.080078 -438.812012 -1396.270020	0.000 0.000 0.000
weapon_ttt_smokegrenade	383.203003 254.298004 -1406.469971	0.000 0.000 0.000
weapon_ttt_smokegrenade	3997.100098 41.000000 -1380.000000	0.000 0.000 0.000
weapon_ttt_smokegrenade	-420.056000 -2718.979980 -1384.719971	0.000 270.000 0.000
weapon_ttt_smokegrenade	-359.000000 -2706.100098 -1380.000000	0.000 270.000 0.000
ttt_random_weapon	424.172607 -163.702972 -1409.958130	-3.014 1.040 -105.140
ttt_random_weapon	263.554932 -434.882324 -1412.471436	-4.313 -1.169 -101.472
ttt_random_weapon	-211.167435 -506.966309 -1406.931396	7.629 18.847 75.086
ttt_random_weapon	-369.334717 -150.699631 -1408.655151	-3.578 7.199 -107.935
ttt_random_weapon	-387.161316 216.897110 -1414.314575	6.178 -19.481 -91.727
ttt_random_weapon	-225.620087 433.418518 -1412.863525	13.151 -23.947 -91.001
ttt_random_weapon	1052.622925 2128.538574 -1418.780762	1.658 4.987 -93.094
ttt_random_weapon	1512.281250 1629.259399 -1412.801636	1.893 4.781 -92.555
ttt_random_weapon	468.682434 1171.907227 -1358.782959	1.683 4.766 -93.036
ttt_random_weapon	941.960510 -1101.155029 -1628.830811	2.172 5.688 -92.115
ttt_random_weapon	-186.492661 -2080.201904 -1400.789551	1.758 4.926 -92.866
ttt_random_weapon	2035.315796 215.605637 -1253.823975	2.099 5.703 -92.265
item_ammo_smg1_ttt	-968.434021 1375.290039 -1401.660034	0.000 0.000 0.000
item_ammo_smg1_ttt	-953.507996 1373.969971 -1401.660034	0.000 0.000 0.000
item_ammo_smg1_ttt	-961.018982 1399.650024 -1401.660034	0.000 0.000 0.000
weapon_ttt_m16	-79.000000 -2720.000000 -1364.000000	0.000 48.000 0.000
weapon_ttt_m16	1527.000000 2214.000000 -1382.319946	0.000 0.000 0.000
weapon_ttt_m16	3755.530029 -456.488007 -1363.750000	0.000 238.500 0.000
weapon_ttt_m16	-411.000000 -2704.000000 -1381.000000	0.000 3.500 0.000
item_box_buckshot_ttt	320.000000 -1774.000000 -1360.709961	0.000 341.500 0.000
item_box_buckshot_ttt	300.000000 -1773.000000 -1360.709961	0.000 20.500 0.000
item_box_buckshot_ttt	296.000000 -1793.000000 -1360.709961	0.000 301.500 0.000
item_box_buckshot_ttt	314.000000 -1789.000000 -1360.709961	0.000 22.000 0.000
item_box_buckshot_ttt	323.000000 -1806.000000 -1360.709961	0.000 16.000 0.000
item_box_buckshot_ttt	299.332001 -1807.410034 -1360.709961	0.000 40.000 0.000
item_box_buckshot_ttt	-712.000000 -3092.000000 -1428.000000	0.000 37.000 0.000
item_box_buckshot_ttt	-715.578979 -3073.000000 -1423.000000	0.000 0.000 0.000
item_box_buckshot_ttt	-703.000000 -3061.000000 -1420.000000	5.736 333.059 11.125
item_box_buckshot_ttt	1203.000000 2050.570068 -1419.709961	0.000 327.500 0.000
item_box_buckshot_ttt	1196.000000 2033.569946 -1419.709961	0.000 0.000 0.000
item_box_buckshot_ttt	1218.000000 2052.570068 -1419.709961	0.000 250.000 0.000
item_box_buckshot_ttt	1256.199951 2049.570068 -1419.709961	0.000 265.000 0.000
item_box_buckshot_ttt	1272.530029 2041.119995 -1419.709961	0.000 232.500 0.000
item_box_buckshot_ttt	1273.209961 2026.000000 -1419.709961	0.000 155.000 0.000
item_box_buckshot_ttt	609.778992 1763.000000 -1363.709961	0.000 329.500 0.000
item_box_buckshot_ttt	620.692017 1770.810059 -1363.709961	0.000 13.000 0.000
item_box_buckshot_ttt	-371.835999 -2282.000000 -1358.719971	0.000 333.000 0.000
item_box_buckshot_ttt	-372.835999 -2265.000000 -1358.719971	0.000 294.500 0.000
item_box_buckshot_ttt	-352.835999 -2276.000000 -1358.719971	0.000 242.000 0.000
ttt_random_ammo	385.396393 -183.003143 -1407.880981	4.043 1.903 6.836
ttt_random_ammo	385.940582 -171.227234 -1408.688110	3.813 -2.830 -8.897
ttt_random_ammo	279.758514 -454.026398 -1406.317871	-6.161 9.187 -98.820
ttt_random_ammo	269.087463 -464.271515 -1405.976074	-5.119 11.612 -101.114
ttt_random_ammo	-242.480453 -492.313721 -1407.246338	-0.116 -2.940 -100.519
ttt_random_ammo	-222.262772 -481.571472 -1409.891846	3.369 0.972 -92.611
ttt_random_ammo	-401.427521 -142.118149 -1411.288696	7.740 5.122 0.499
ttt_random_ammo	-403.178040 -128.280701 -1411.717896	5.174 0.240 -2.584
ttt_random_ammo	-405.928467 198.584839 -1415.052612	8.468 -0.406 6.266
ttt_random_ammo	-386.021545 196.305466 -1417.641235	0.033 0.000 -0.053
ttt_random_ammo	-236.366547 461.707214 -1403.568970	5.343 0.646 97.493
ttt_random_ammo	-212.204697 455.571960 -1408.324219	76.588 146.160 155.312
ttt_random_ammo	1055.757935 2097.091064 -1419.627319	0.111 0.000 0.071
ttt_random_ammo	1036.949463 2105.941406 -1419.619019	0.192 0.001 0.173
ttt_random_ammo	1537.109009 1605.991821 -1419.672241	0.047 0.000 -0.031
ttt_random_ammo	1513.055542 1601.760010 -1419.630859	0.092 0.000 0.046
ttt_random_ammo	449.829315 1183.286499 -1359.639404	-0.062 -0.000 0.006
ttt_random_ammo	465.633881 1185.750366 -1359.615967	0.241 0.001 0.236
ttt_random_ammo	951.557129 -1128.192993 -1629.617676	0.203 -0.001 -0.189
ttt_random_ammo	935.713684 -1126.638794 -1629.620728	0.162 -0.001 -0.138
ttt_random_ammo	-208.432831 -2065.028564 -1401.638428	0.067 0.000 0.012
ttt_random_ammo	-194.513428 -2064.675293 -1401.664673	0.046 0.000 -0.027
ttt_random_ammo	-183.905899 -2063.666748 -1401.630737	0.090 0.000 0.044
ttt_random_ammo	2012.244263 237.620850 -1254.648804	0.051 0.000 -0.011
ttt_random_ammo	2029.724854 235.613632 -1254.642456	0.057 0.000 0.000
weapon_zm_rifle	-983.000000 -3228.000000 -1452.000000	0.000 44.500 0.000
weapon_zm_rifle	1380.000000 1631.000000 -1353.040039	0.000 39.500 -89.000
weapon_zm_rifle	532.421997 699.612976 -1369.040039	0.000 0.000 0.000
weapon_zm_rifle	546.000000 714.000000 -1369.040039	0.000 0.000 0.000
weapon_zm_rifle	3562.000000 -19.000000 -1356.040039	0.000 72.500 0.000
weapon_zm_mac10	237.000000 357.000000 -1408.150024	0.000 352.000 -74.000
weapon_zm_mac10	346.000000 -2747.000000 -1365.000000	0.000 268.000 -86.000
weapon_zm_mac10	344.000000 -2719.000000 -1368.000000	0.000 291.500 -86.000
weapon_zm_mac10	1110.000000 1805.000000 -1350.530029	0.000 0.000 0.000
weapon_zm_mac10	269.000000 383.000000 -1407.000000	0.000 23.500 -74.000
weapon_zm_mac10	469.000000 830.000000 -1366.530029	0.000 84.000 0.000
weapon_zm_mac10	458.000000 765.000000 -1366.530029	12.779 39.827 -14.854
weapon_zm_mac10	-968.000000 1425.000000 -1396.530029	0.000 0.000 0.000
item_ammo_357_ttt	-959.000000 -3244.000000 -1455.000000	0.000 94.000 0.000
item_ammo_357_ttt	-953.000000 -3229.000000 -1455.000000	0.000 69.000 0.000
item_ammo_357_ttt	-943.000000 -3215.169922 -1456.719971	0.000 167.500 0.000
item_ammo_357_ttt	1340.000000 1660.300049 -1355.719971	0.000 231.500 0.000
item_ammo_357_ttt	1350.640015 1646.180054 -1355.719971	0.000 285.500 0.000
item_ammo_357_ttt	1359.890015 1634.160034 -1355.719971	0.000 256.500 0.000
item_ammo_357_ttt	572.000000 728.000000 -1370.719971	0.000 48.500 0.000
item_ammo_357_ttt	557.000000 729.000000 -1370.719971	0.000 144.000 0.000
item_ammo_357_ttt	543.000000 731.000000 -1370.719971	0.000 68.000 0.000
item_ammo_357_ttt	507.977997 700.059021 -1370.410034	0.000 132.500 0.000
item_ammo_357_ttt	515.809998 711.833984 -1370.410034	0.000 208.500 0.000
item_ammo_357_ttt	3573.000000 28.164200 -1358.719971	0.000 63.000 0.000
item_ammo_357_ttt	3556.000000 27.164200 -1358.719971	0.000 24.500 0.000
item_ammo_357_ttt	3567.000000 47.164200 -1358.719971	0.000 332.000 0.000
item_ammo_357_ttt	-1311.189941 1459.099976 -1358.719971	0.000 0.000 0.000
item_ammo_357_ttt	-1308.030029 1442.469971 -1358.719971	0.000 0.000 0.000
item_ammo_357_ttt	-1309.530029 1421.160034 -1358.719971	0.000 0.000 0.000
item_ammo_pistol_ttt	409.057007 243.326004 -1370.079956	0.000 281.000 0.000
item_ammo_pistol_ttt	407.028015 253.761993 -1369.510010	0.000 281.000 0.000
item_ammo_pistol_ttt	405.131012 263.523987 -1369.689941	0.000 281.000 0.000
item_ammo_pistol_ttt	-200.095993 -1499.619995 -1353.329956	0.000 14.000 0.000
item_ammo_pistol_ttt	-190.447006 -1497.219971 -1353.150024	0.000 14.000 0.000
item_ammo_pistol_ttt	-180.130997 -1494.650024 -1353.719971	0.000 14.000 0.000
item_ammo_pistol_ttt	345.959015 -3101.189941 -1446.609985	0.000 0.000 0.000
item_ammo_pistol_ttt	359.660004 -3094.479980 -1447.849976	0.000 0.000 0.000
item_ammo_pistol_ttt	379.868988 -3096.080078 -1450.719971	0.000 0.000 0.000
item_ammo_pistol_ttt	323.610992 -2698.060059 -1372.719971	0.000 0.000 0.000
item_ammo_pistol_ttt	335.592987 -2700.310059 -1372.719971	0.000 0.000 0.000
item_ammo_pistol_ttt	348.692993 -2699.530029 -1372.719971	0.000 0.000 0.000
item_ammo_pistol_ttt	490.783997 152.669006 -1410.000000	0.000 0.000 0.000
item_ammo_pistol_ttt	478.000000 150.337006 -1410.000000	0.000 0.000 0.000
item_ammo_pistol_ttt	466.868988 150.378998 -1410.719971	0.000 0.000 0.000
item_ammo_pistol_ttt	457.480988 154.481995 -1410.209961	0.000 0.000 0.000
item_ammo_pistol_ttt	1076.579956 1481.619995 -1419.719971	0.000 0.000 0.000
item_ammo_pistol_ttt	1087.400024 1481.380005 -1419.719971	0.000 0.000 0.000
item_ammo_pistol_ttt	1098.689941 1479.380005 -1419.719971	0.000 0.000 0.000
item_ammo_pistol_ttt	1502.000000 2234.000000 -1420.000000	0.000 335.000 0.000
item_ammo_pistol_ttt	1513.000000 2225.000000 -1420.000000	0.000 350.500 0.000
item_ammo_pistol_ttt	1490.000000 1490.380005 -1355.510010	0.000 45.000 0.000
item_ammo_pistol_ttt	1536.000000 1473.000000 -1356.000000	0.000 60.500 0.000
item_ammo_pistol_ttt	1534.000000 1495.380005 -1355.510010	0.000 335.500 0.000
item_ammo_pistol_ttt	1512.000000 1485.380005 -1355.510010	0.000 306.000 0.000
item_ammo_pistol_ttt	621.000000 1635.000000 -1363.719971	0.000 351.500 0.000
item_ammo_pistol_ttt	607.000000 1640.000000 -1363.719971	0.000 26.500 0.000
item_ammo_pistol_ttt	439.102997 708.153992 -1370.719971	0.000 0.000 0.000
item_ammo_pistol_ttt	450.727997 705.041016 -1370.719971	0.000 0.000 0.000
item_ammo_pistol_ttt	468.282013 704.255981 -1370.719971	0.000 0.000 0.000
item_ammo_pistol_ttt	476.605011 702.447021 -1370.719971	0.000 0.000 0.000
weapon_zm_molotov	223.856995 463.363007 -1369.270020	0.000 349.500 74.500
weapon_zm_molotov	218.423996 454.733002 -1368.270020	0.000 316.500 0.000
weapon_zm_molotov	2527.000000 -267.000000 -1355.270020	0.000 0.000 0.000
weapon_zm_molotov	-895.184998 1413.260010 -1381.609985	0.000 0.000 0.000
weapon_zm_molotov	-880.219971 1419.829956 -1381.609985	0.000 0.000 0.000
weapon_zm_molotov	-890.731995 1388.180054 -1381.609985	0.000 0.000 0.000
weapon_ttt_confgrenade	-77.095802 -2686.219971 -1370.719971	0.000 0.000 0.000
weapon_ttt_confgrenade	-70.454903 -2689.409912 -1371.640015	0.000 0.000 0.000
weapon_ttt_confgrenade	1552.709961 2194.629883 -1415.510010	0.000 0.000 0.000
weapon_ttt_confgrenade	1540.800049 2195.320068 -1415.510010	0.000 0.000 0.000
weapon_ttt_confgrenade	3045.090088 -437.407013 -1397.719971	0.000 0.000 0.000
weapon_ttt_confgrenade	3037.000000 -442.000000 -1397.719971	0.000 0.000 0.000
weapon_ttt_confgrenade	3752.699951 -488.123993 -1371.390015	0.000 190.500 0.000
weapon_ttt_confgrenade	3759.810059 -490.049988 -1370.469971	0.000 190.500 0.000
weapon_ttt_confgrenade	3998.419922 -30.069000 -1385.209961	0.000 0.000 0.000
weapon_ttt_confgrenade	4009.979980 -20.055901 -1384.719971	0.000 0.000 0.000
weapon_ttt_confgrenade	-884.718018 1436.010010 -1382.369995	0.000 0.000 0.000
weapon_ttt_confgrenade	-894.693970 1440.699951 -1382.859985	0.000 0.000 0.000
weapon_ttt_confgrenade	-891.857971 1457.939941 -1382.859985	0.000 0.000 0.000
item_ammo_revolver_ttt	87.195602 -947.835999 -1401.410034	0.000 122.000 0.000
item_ammo_revolver_ttt	73.195602 -957.835999 -1401.410034	0.000 160.500 0.000
item_ammo_revolver_ttt	88.195602 -958.835999 -1401.410034	0.000 89.500 0.000
item_ammo_revolver_ttt	59.000000 -967.000000 -1402.000000	0.000 151.500 0.000
item_ammo_revolver_ttt	427.908997 259.834015 -1369.719971	0.000 306.000 0.000
item_ammo_revolver_ttt	433.809998 251.544998 -1369.439941	0.000 306.000 0.000
item_ammo_revolver_ttt	668.070007 -3096.909912 -1410.719971	0.000 235.500 0.000
item_ammo_revolver_ttt	677.000000 -3086.000000 -1411.000000	0.000 343.500 0.000
item_ammo_revolver_ttt	329.809998 221.834000 -1415.410034	0.000 282.000 0.000
item_ammo_revolver_ttt	349.809998 223.834000 -1416.010010	0.000 308.000 0.000
item_ammo_revolver_ttt	361.000000 236.000000 -1414.000000	0.000 327.000 0.000
item_ammo_revolver_ttt	715.195984 -1952.390015 -1353.719971	0.000 22.000 0.000
item_ammo_revolver_ttt	730.994995 -1944.030029 -1353.719971	0.000 226.500 0.000
item_ammo_revolver_ttt	729.468018 -1959.839966 -1353.719971	0.000 305.500 0.000
item_ammo_revolver_ttt	748.195984 -1948.390015 -1353.719971	0.000 353.000 0.000
item_ammo_revolver_ttt	2502.000000 -303.000000 -1359.719971	0.000 136.000 0.000
item_ammo_revolver_ttt	2499.000000 -318.000000 -1359.719971	0.000 169.500 0.000
item_ammo_revolver_ttt	2512.000000 -315.000000 -1359.719971	0.000 164.500 0.000
item_ammo_revolver_ttt	2512.199951 -238.835999 -1359.719971	0.000 197.000 0.000
item_ammo_revolver_ttt	2524.199951 -232.835999 -1359.719971	0.000 150.500 0.000
item_ammo_revolver_ttt	2536.199951 -240.835999 -1359.719971	0.000 188.500 0.000
item_ammo_revolver_ttt	960.361023 1627.599976 -1371.719971	0.000 0.000 0.000
item_ammo_revolver_ttt	960.992981 1653.829956 -1371.719971	0.000 322.000 0.000
item_ammo_revolver_ttt	1013.000000 2282.909912 -1371.719971	0.000 36.000 0.000
item_ammo_revolver_ttt	980.000000 2277.909912 -1371.719971	0.000 255.500 0.000
item_ammo_revolver_ttt	979.140015 2305.550049 -1371.719971	0.000 0.000 0.000
item_ammo_revolver_ttt	990.000000 2309.909912 -1371.719971	0.000 345.000 0.000
item_ammo_revolver_ttt	1445.300049 2293.159912 -1387.719971	0.000 24.500 0.000
item_ammo_revolver_ttt	1447.000000 2310.909912 -1387.719971	0.000 162.500 0.000
item_ammo_revolver_ttt	439.000000 738.000000 -1370.719971	0.000 0.000 0.000
item_ammo_revolver_ttt	452.209015 726.606018 -1370.719971	0.000 36.500 0.000
item_ammo_revolver_ttt	471.000000 727.000000 -1370.719971	0.000 45.500 0.000
item_ammo_revolver_ttt	-1110.000000 1448.489990 -1358.410034	0.000 97.500 0.000
item_ammo_revolver_ttt	-1102.000000 1437.489990 -1358.410034	0.000 330.000 0.000
item_ammo_revolver_ttt	-1101.310059 1420.160034 -1358.410034	0.000 55.000 0.000
weapon_zm_shotgun	304.000000 -1759.000000 -1358.000000	0.000 0.000 -72.000
weapon_zm_shotgun	302.000000 -1821.000000 -1358.510010	0.000 0.000 56.500
weapon_zm_shotgun	-694.000000 -3096.000000 -1417.000000	-4.788 85.598 -47.316
weapon_zm_shotgun	1230.000000 2029.000000 -1416.510010	0.000 0.000 0.000
weapon_zm_shotgun	1226.000000 2041.000000 -1416.510010	0.000 0.000 0.000
weapon_zm_shotgun	-419.000000 -2271.000000 -1356.040039	0.000 342.500 0.000
weapon_zm_sledge	1501.000000 1468.000000 -1351.140015	0.000 0.000 0.000
weapon_zm_sledge	262.000000 415.000000 -1404.949951	0.000 0.000 0.000
weapon_zm_sledge	3995.000000 -11.000000 -1381.000000	0.000 93.500 0.000
weapon_zm_revolver	377.000000 266.000000 -1403.219971	0.000 162.000 0.000
weapon_zm_revolver	680.000000 -3103.000000 -1404.000000	0.000 3.000 -76.000
weapon_zm_revolver	2500.000000 -256.000000 -1356.000000	6.820 338.082 -76.906
weapon_zm_revolver	2500.000000 -293.000000 -1358.000000	0.000 35.500 -80.500
weapon_zm_revolver	986.911987 2286.820068 -1369.000000	0.000 0.000 0.000
weapon_zm_revolver	997.320007 2301.750000 -1369.000000	0.000 0.000 0.000
weapon_zm_revolver	438.000000 209.000000 -1403.000000	0.000 99.000 0.000
weapon_zm_revolver	-1129.000000 1426.000000 -1356.000000	0.000 13.500 0.000
weapon_zm_pistol	429.000000 235.000000 -1367.000000	0.000 126.500 0.000
weapon_zm_pistol	421.000000 221.000000 -1402.219971	12.164 220.507 -4.622
weapon_zm_pistol	-216.000000 -1509.000000 -1351.000000	0.000 0.000 -88.000
weapon_zm_pistol	1500.000000 1503.000000 -1353.280029	0.000 317.000 0.000
weapon_zm_pistol	1516.000000 1505.000000 -1353.280029	0.000 32.500 0.000
weapon_zm_pistol	385.000000 216.000000 -1397.000000	12.164 340.507 -4.622
weapon_zm_pistol	-430.069000 -2707.419922 -1385.209961	0.000 270.000 0.000
