# Trouble in Terrorist Town weapon/ammo placement overrides
# For map: ttt_nuclear_power_b2
# Exported by: [OM] Rogue: The Lonely
setting:	replacespawns 0
weapon_ttt_smokegrenade	-272.000000 -3326.000000 388.734985	0.000 0.000 0.000
weapon_ttt_smokegrenade	-270.000000 -3318.000000 388.734985	0.000 0.000 0.000
weapon_ttt_smokegrenade	250.000000 -3332.000000 388.734985	0.000 0.000 0.000
weapon_ttt_smokegrenade	252.000000 -3324.000000 388.734985	0.000 0.000 0.000
weapon_ttt_smokegrenade	640.000000 -2470.000000 388.734985	0.000 0.000 0.000
weapon_ttt_smokegrenade	640.000000 -2476.000000 388.734985	0.000 0.000 0.000
weapon_ttt_smokegrenade	646.000000 -2476.000000 388.734985	0.000 0.000 0.000
weapon_ttt_smokegrenade	646.000000 -2470.000000 388.734985	0.000 0.000 0.000
weapon_ttt_smokegrenade	2399.229980 -1352.560059 -115.264999	0.000 270.000 0.000
weapon_ttt_smokegrenade	2405.229980 -1352.560059 -115.264999	0.000 270.000 0.000
weapon_ttt_smokegrenade	2405.229980 -1346.560059 -115.264999	0.000 270.000 0.000
weapon_ttt_smokegrenade	2399.229980 -1346.560059 -115.264999	0.000 270.000 0.000
weapon_ttt_smokegrenade	-2464.000000 -612.000000 -299.265015	0.000 0.000 0.000
weapon_ttt_smokegrenade	-2470.000000 -612.000000 -299.265015	0.000 0.000 0.000
weapon_ttt_smokegrenade	-996.000000 448.000000 4.735110	0.000 0.000 0.000
weapon_ttt_smokegrenade	-996.000000 442.000000 4.735110	0.000 0.000 0.000
weapon_ttt_smokegrenade	46.444099 719.476013 4.735110	0.000 0.000 0.000
weapon_ttt_smokegrenade	46.444099 713.476013 4.735110	0.000 0.000 0.000
weapon_ttt_smokegrenade	608.000000 278.000000 1052.739990	0.000 90.000 0.000
weapon_ttt_smokegrenade	-50.000000 914.000000 1158.739990	0.000 0.000 0.000
weapon_ttt_smokegrenade	-50.000000 920.000000 1158.739990	0.000 0.000 0.000
weapon_ttt_smokegrenade	-56.000000 920.000000 1158.739990	0.000 0.000 0.000
weapon_ttt_smokegrenade	-56.000000 914.000000 1158.739990	0.000 0.000 0.000
ttt_random_weapon	-408.052277 -2671.626221 409.233307	1.499 5.273 -93.458
ttt_random_weapon	-626.273376 -2928.119873 353.205139	1.817 3.577 -92.730
ttt_random_weapon	-616.266113 -2866.370605 353.237701	1.449 3.539 -93.572
ttt_random_weapon	-621.292542 -3059.372803 353.196564	1.914 3.584 -92.509
ttt_random_weapon	-622.191284 -2729.805176 353.196564	1.914 3.584 -92.509
ttt_random_weapon	-168.830261 -3871.672852 385.173431	2.169 -0.808 -91.940
ttt_random_weapon	-159.217758 -3862.902344 385.167542	2.185 3.323 -92.106
ttt_random_weapon	-264.047852 -3657.553467 447.750000	7.971 0.590 -4.465
ttt_random_weapon	1118.969727 -2383.171143 385.216583	1.688 4.700 -93.025
ttt_random_weapon	1106.295288 -2323.335449 385.209717	1.766 4.708 -92.848
ttt_random_weapon	1107.034912 -2272.210938 385.231873	1.515 4.677 -93.421
ttt_random_weapon	1166.322144 -2655.676758 421.213043	1.728 4.704 -92.934
ttt_random_weapon	1160.795166 -2627.408447 421.221802	1.629 4.694 -93.160
ttt_random_weapon	1168.238647 -2609.466797 421.744843	-2.000 9.996 85.289
ttt_random_weapon	2021.052368 -112.222534 -302.777802	1.625 4.692 -93.170
ttt_random_weapon	2077.230225 -127.807518 -302.769409	1.530 4.680 -93.388
ttt_random_weapon	2128.687988 -152.321060 -302.779022	1.638 4.694 -93.139
ttt_random_weapon	-30.241875 -736.319580 -462.787476	1.734 4.705 -92.920
ttt_random_weapon	3.236409 -734.678833 -462.795898	1.829 4.713 -92.703
ttt_random_weapon	41.925247 -714.539307 -462.835327	1.895 0.569 -92.243
ttt_random_weapon	51.346443 -723.243347 -462.754700	1.303 -21.000 -93.838
ttt_random_weapon	-48.867702 704.904724 -462.781219	1.623 3.489 -93.128
ttt_random_weapon	24.928558 714.493164 -462.753784	1.994 4.584 -89.737
ttt_random_weapon	31.032318 709.462280 -462.060791	-2.170 3.569 -88.899
ttt_random_weapon	83.708344 713.707031 -462.849457	2.230 2.000 -92.582
ttt_random_weapon	-2052.330322 292.236176 -302.780273	1.653 4.697 -93.107
ttt_random_weapon	-2052.389404 270.945068 -302.782501	1.678 4.699 -93.049
ttt_random_weapon	-1911.413330 -183.693085 -302.798645	1.860 4.715 -92.632
ttt_random_weapon	-1925.382935 -166.779205 -302.775909	1.603 4.689 -93.219
ttt_random_weapon	-1512.517578 -1.080399 1049.234375	1.466 4.999 -93.510
ttt_random_weapon	-1592.965332 -242.289734 1049.202759	1.845 4.713 -92.667
ttt_random_weapon	-1585.997925 239.530228 1049.221802	1.629 4.693 -93.160
ttt_random_weapon	-1590.963867 6.406896 1049.220947	1.639 4.693 -93.139
ttt_random_weapon	-620.760132 217.392059 1049.208496	1.779 4.708 -92.816
ttt_random_weapon	708.446533 471.709351 1049.206055	1.807 4.711 -92.753
ttt_random_weapon	900.900452 471.756958 1049.217529	1.678 4.698 -93.049
ttt_random_weapon	908.367371 518.252380 1049.197632	1.902 4.717 -92.536
ttt_random_weapon	708.064636 520.064758 1049.228027	1.559 4.683 -93.322
ttt_random_weapon	902.439087 497.621582 1049.218384	1.668 4.697 -93.072
ttt_random_weapon	706.229309 498.842224 1049.225464	1.588 4.688 -93.255
ttt_random_weapon	518.131897 -910.612061 641.230896	1.527 4.679 -93.395
ttt_random_weapon	504.110260 -1199.252808 769.226196	1.580 4.686 -93.273
ttt_random_weapon	792.276062 -1244.421143 897.232971	1.503 4.266 -93.450
ttt_random_weapon	946.560974 -890.870361 513.194519	1.937 4.719 -92.456
ttt_random_weapon	785.080811 -1760.146851 385.235168	1.478 4.672 -93.506
ttt_random_weapon	781.758972 -1799.768433 385.217529	1.678 4.699 -93.049
ttt_random_weapon	775.415833 -1817.422852 385.202057	1.852 4.715 -92.650
ttt_random_weapon	693.511169 -1954.717163 385.192047	1.965 4.719 -92.391
ttt_random_weapon	703.158325 -1929.874756 385.198456	1.893 4.717 -92.557
ttt_random_weapon	726.171631 -1909.711670 385.287354	1.602 70.774 -95.390
ttt_random_weapon	159.557114 -1973.644165 423.178772	1.103 -35.170 -94.152
ttt_random_weapon	149.774094 -2013.491455 423.248016	1.332 4.944 -93.841
ttt_random_weapon	155.447998 -2049.475586 423.095245	2.059 -5.499 -92.826
ttt_random_weapon	139.330307 -2138.685547 385.212372	1.736 4.408 -92.916
item_ammo_smg1_ttt	301.000000 -2612.000000 444.450012	0.000 0.000 0.000
item_ammo_smg1_ttt	286.000000 -2611.000000 444.450012	0.000 0.000 0.000
item_ammo_smg1_ttt	-138.000000 -804.000000 1.344720	0.000 0.000 0.000
item_ammo_smg1_ttt	-138.000000 -782.000000 1.344720	0.000 0.000 0.000
item_ammo_smg1_ttt	-2411.000000 -489.000000 -298.528992	0.000 0.000 0.000
item_ammo_smg1_ttt	-2394.000000 -489.000000 -298.528992	0.000 0.000 0.000
item_ammo_smg1_ttt	-2394.000000 -514.000000 -298.528992	0.000 0.000 0.000
item_ammo_smg1_ttt	-2411.000000 -514.000000 -298.528992	0.000 0.000 0.000
item_ammo_smg1_ttt	94.000000 -757.000000 -462.654999	0.000 0.000 0.000
item_ammo_smg1_ttt	80.000000 -757.000000 -462.654999	0.000 0.000 0.000
item_ammo_smg1_ttt	87.000000 -756.000000 -447.000000	0.000 0.000 0.000
item_ammo_smg1_ttt	-39.000000 754.000000 -462.654999	0.000 180.000 0.000
item_ammo_smg1_ttt	-25.000000 754.000000 -462.654999	0.000 180.000 0.000
item_ammo_smg1_ttt	-32.000000 753.000000 -447.000000	0.000 180.000 0.000
item_ammo_smg1_ttt	723.000000 -1727.000000 385.345001	0.000 0.000 0.000
item_ammo_smg1_ttt	698.000000 -1729.000000 385.345001	0.000 0.000 0.000
item_ammo_smg1_ttt	626.000000 -2562.000000 385.345001	0.000 0.000 0.000
item_ammo_smg1_ttt	640.000000 -2562.000000 385.345001	0.000 0.000 0.000
item_ammo_smg1_ttt	654.000000 -2562.000000 385.345001	0.000 0.000 0.000
item_ammo_smg1_ttt	668.000000 -2562.000000 385.345001	0.000 0.000 0.000
item_ammo_smg1_ttt	908.000000 412.000000 1049.339966	0.000 0.000 0.000
item_ammo_smg1_ttt	880.000000 412.000000 1049.339966	0.000 0.000 0.000
item_ammo_smg1_ttt	-239.000000 687.000000 1155.339966	0.000 0.000 0.000
item_ammo_smg1_ttt	-239.285004 662.820007 1155.339966	0.000 0.000 0.000
item_ammo_smg1_ttt	-218.000000 663.000000 1155.339966	0.000 0.000 0.000
item_ammo_smg1_ttt	-217.000000 687.000000 1155.339966	0.000 0.000 0.000
item_ammo_smg1_ttt	-203.947006 -3866.639893 384.345001	0.000 0.000 0.000
item_ammo_smg1_ttt	-188.947006 -3867.639893 384.345001	0.000 0.000 0.000
item_ammo_smg1_ttt	-124.000000 -804.000000 1.344720	0.000 0.000 0.000
item_ammo_smg1_ttt	-124.000000 -782.000000 1.344720	0.000 0.000 0.000
item_ammo_smg1_ttt	-216.242996 358.458008 1043.869995	0.000 21.000 0.000
item_ammo_smg1_ttt	-190.102997 368.493011 1043.869995	0.000 21.000 0.000
item_ammo_smg1_ttt	-1894.000000 137.000000 1048.339966	0.000 270.000 0.000
item_ammo_smg1_ttt	-1870.000000 136.000000 1048.339966	0.000 270.000 0.000
weapon_ttt_m16	166.570007 -1455.599976 5.682850	0.000 0.000 0.000
weapon_ttt_m16	1145.000000 334.000000 74.507698	0.000 0.000 0.000
weapon_ttt_m16	-2565.860107 -590.692017 -298.316986	0.000 0.000 0.000
weapon_ttt_m16	-2549.979980 -613.064026 -298.316986	0.000 0.000 0.000
weapon_ttt_m16	20.698500 -715.726013 -458.316986	0.000 0.000 0.000
weapon_ttt_m16	-40.491199 -717.658997 -458.316986	0.000 0.000 0.000
weapon_ttt_m16	34.301498 712.726013 -458.316986	0.000 180.000 0.000
weapon_ttt_m16	95.491203 714.658997 -458.316986	0.000 180.000 0.000
weapon_ttt_m16	787.000000 -1922.000000 389.683014	0.000 0.000 0.000
weapon_ttt_m16	784.690002 -1950.760010 389.683014	0.000 0.000 0.000
weapon_ttt_m16	1150.000000 -1857.000000 389.683014	0.000 180.000 0.000
weapon_ttt_m16	1152.310059 -1828.239990 389.683014	0.000 180.000 0.000
weapon_ttt_m16	1083.130005 -523.349976 1102.550049	0.000 180.000 0.000
weapon_ttt_m16	-1600.000000 268.000000 1053.680054	0.000 0.000 0.000
weapon_ttt_m16	-44.000000 581.000000 1159.680054	0.000 0.000 0.000
weapon_ttt_m16	-43.000000 567.000000 1159.680054	0.000 0.000 0.000
weapon_ttt_m16	-651.606995 -3471.820068 389.683014	0.000 0.000 0.000
weapon_ttt_m16	635.606995 -3471.820068 389.683014	0.000 180.000 0.000
weapon_ttt_m16	-828.000000 166.000000 4.682850	0.000 0.000 0.000
weapon_ttt_m16	-830.000000 182.000000 4.682850	0.000 0.000 0.000
weapon_ttt_m16	-2748.000000 -198.000000 -267.118011	0.000 90.000 0.000
weapon_ttt_m16	1124.839966 -2554.129883 424.683014	0.000 333.500 0.000
weapon_ttt_m16	1384.000000 -716.000000 1049.219971	0.000 200.500 0.000
weapon_ttt_m16	-1334.000000 -132.000000 1052.680054	0.000 0.000 0.000
weapon_ttt_m16	11.441700 223.968002 1077.109985	0.000 0.000 0.000
weapon_ttt_m16	87.007698 191.863007 1044.680054	0.000 0.000 0.000
item_box_buckshot_ttt	-508.000000 -2617.000000 391.489014	0.000 0.000 0.000
item_box_buckshot_ttt	-484.000000 -2616.000000 391.489014	0.000 0.000 0.000
item_box_buckshot_ttt	-484.000000 -2638.000000 391.489014	0.000 0.000 0.000
item_box_buckshot_ttt	-508.000000 -2639.000000 391.489014	0.000 0.000 0.000
item_box_buckshot_ttt	199.000000 -1538.000000 1.293880	0.000 0.000 0.000
item_box_buckshot_ttt	185.000000 -1536.000000 1.293880	0.000 0.000 0.000
item_box_buckshot_ttt	199.000000 -1556.000000 1.293880	0.000 0.000 0.000
item_box_buckshot_ttt	-755.124023 405.572998 1.293880	0.000 0.000 0.000
item_box_buckshot_ttt	-741.463013 407.123993 1.293880	0.000 0.000 0.000
item_box_buckshot_ttt	-1709.130005 687.200989 -432.705994	0.000 0.000 0.000
item_box_buckshot_ttt	-1649.359985 625.206970 -432.705994	0.000 0.000 0.000
item_box_buckshot_ttt	-1519.770020 577.450012 -432.705994	0.000 0.000 0.000
item_box_buckshot_ttt	-1543.579956 612.661987 -432.705994	0.000 0.000 0.000
item_box_buckshot_ttt	2172.000000 111.000000 -302.705994	0.000 270.000 0.000
item_box_buckshot_ttt	2155.000000 111.000000 -302.705994	0.000 270.000 0.000
item_box_buckshot_ttt	2139.000000 111.000000 -302.705994	0.000 270.000 0.000
item_box_buckshot_ttt	2139.000000 125.000000 -302.705994	0.000 270.000 0.000
item_box_buckshot_ttt	2155.000000 125.000000 -302.705994	0.000 270.000 0.000
item_box_buckshot_ttt	2172.000000 125.000000 -302.705994	0.000 270.000 0.000
item_box_buckshot_ttt	2187.000000 125.000000 -302.705994	0.000 270.000 0.000
item_box_buckshot_ttt	2187.000000 111.000000 -302.705994	0.000 270.000 0.000
item_box_buckshot_ttt	818.000000 -1753.000000 385.294006	0.000 0.000 0.000
item_box_buckshot_ttt	818.000000 -1765.000000 385.294006	0.000 0.000 0.000
item_box_buckshot_ttt	818.000000 -1779.000000 385.294006	0.000 0.000 0.000
item_box_buckshot_ttt	818.000000 -1793.000000 385.294006	0.000 0.000 0.000
item_box_buckshot_ttt	807.000000 -1793.000000 385.294006	0.000 0.000 0.000
item_box_buckshot_ttt	807.000000 -1779.000000 385.294006	0.000 0.000 0.000
item_box_buckshot_ttt	807.000000 -1753.000000 385.294006	0.000 0.000 0.000
item_box_buckshot_ttt	807.000000 -1765.000000 385.294006	0.000 0.000 0.000
item_box_buckshot_ttt	696.000000 -2566.000000 385.294006	0.000 0.000 0.000
item_box_buckshot_ttt	705.794983 -2566.510010 385.294006	0.000 0.000 0.000
item_box_buckshot_ttt	718.068970 -2566.580078 385.294006	0.000 0.000 0.000
item_box_buckshot_ttt	709.000000 -2553.000000 385.294006	0.000 0.000 0.000
item_box_buckshot_ttt	723.000000 -2554.000000 385.294006	0.000 0.000 0.000
item_box_buckshot_ttt	732.000000 -2566.000000 385.294006	0.000 0.000 0.000
item_box_buckshot_ttt	698.000000 -2553.000000 385.294006	0.000 0.000 0.000
item_box_buckshot_ttt	900.804016 -530.780029 1049.290039	0.000 270.000 0.000
item_box_buckshot_ttt	886.226013 -531.840027 1049.290039	0.000 270.000 0.000
item_box_buckshot_ttt	874.000000 -532.000000 1049.290039	0.000 270.000 0.000
item_box_buckshot_ttt	-242.000000 541.000000 1155.290039	0.000 0.000 0.000
item_box_buckshot_ttt	-242.000000 556.000000 1155.290039	0.000 0.000 0.000
item_box_buckshot_ttt	-229.000000 556.000000 1155.290039	0.000 0.000 0.000
item_box_buckshot_ttt	-229.000000 541.000000 1155.290039	0.000 0.000 0.000
item_box_buckshot_ttt	-229.000000 570.000000 1155.290039	0.000 0.000 0.000
item_box_buckshot_ttt	-242.000000 570.000000 1155.290039	0.000 0.000 0.000
item_box_buckshot_ttt	462.000000 -2882.000000 424.294006	0.000 0.000 0.000
item_box_buckshot_ttt	734.653015 -32.841099 0.293884	0.000 0.000 0.000
item_box_buckshot_ttt	735.325989 -50.576698 0.293884	0.000 0.000 0.000
item_box_buckshot_ttt	721.062012 -31.399700 0.293884	0.000 0.000 0.000
item_box_buckshot_ttt	722.158020 -48.476601 0.293884	0.000 0.000 0.000
item_box_buckshot_ttt	-2751.439941 164.360992 -303.705994	0.000 0.000 0.000
item_box_buckshot_ttt	-2758.219971 183.792999 -303.705994	0.000 0.000 0.000
item_box_buckshot_ttt	-2751.199951 203.634003 -303.705994	0.000 0.000 0.000
item_box_buckshot_ttt	-2751.229980 146.024002 -303.705994	0.000 0.000 0.000
item_box_buckshot_ttt	201.776993 -1997.569946 384.294006	0.000 0.000 0.000
item_box_buckshot_ttt	201.690994 -1980.359985 384.294006	0.000 0.000 0.000
item_box_buckshot_ttt	-37.642601 -265.635010 1072.719971	0.000 90.000 0.000
item_box_buckshot_ttt	-23.642599 -265.635010 1072.719971	0.000 90.000 0.000
ttt_random_ammo	-1894.740601 -198.173431 -303.555542	1.128 0.029 1.370
ttt_random_ammo	-1907.057007 -204.813965 -303.650940	0.051 -0.000 0.014
ttt_random_ammo	-1919.557007 -204.062805 -303.664734	0.047 0.000 -0.027
ttt_random_ammo	-1934.535278 -198.159714 -303.561005	1.215 -0.030 -1.475
ttt_random_ammo	-1942.231079 -189.265259 -303.657684	0.048 0.000 -0.022
ttt_random_ammo	-1945.540527 -180.266663 -303.662323	0.047 -0.000 0.025
ttt_random_ammo	-1906.182495 214.987289 -303.636505	0.072 -0.000 -0.019
ttt_random_ammo	-1921.399292 220.974167 -303.608368	0.619 -0.005 -0.699
ttt_random_ammo	-1934.784302 233.155060 -303.646667	0.055 0.000 -0.007
ttt_random_ammo	-1950.901978 239.403763 -303.550690	0.976 0.026 1.181
ttt_random_ammo	-1958.584717 244.167908 -303.629028	0.100 0.000 0.056
ttt_random_ammo	-611.634460 194.614151 1048.391602	0.625 -0.005 -0.705
ttt_random_ammo	-622.408020 192.297043 1048.369141	0.091 0.000 0.045
ttt_random_ammo	-632.014771 192.017563 1048.418457	1.601 0.036 1.934
ttt_random_ammo	-643.290100 196.229858 1048.437134	1.222 0.030 1.477
ttt_random_ammo	102.966942 -1905.657349 384.389771	-0.281 -0.001 0.284
ttt_random_ammo	106.378242 -1934.213501 384.349854	-0.051 -0.000 -0.014
ttt_random_ammo	112.694725 -1962.341675 384.320129	0.047 0.000 -0.034
ttt_random_ammo	112.582466 -1997.595093 384.388763	0.415 -0.003 -0.449
ttt_random_ammo	111.984436 -2018.554810 384.431549	1.363 0.033 1.650
ttt_random_ammo	111.743126 -2034.750854 384.365448	0.077 0.000 0.026
ttt_random_ammo	104.867111 -2048.027344 384.367340	0.084 0.000 0.035
ttt_random_ammo	81.260750 -1911.159302 384.333588	-0.047 -0.000 -0.028
ttt_random_ammo	86.828148 -1955.114746 384.356354	-0.058 -0.000 -0.003
ttt_random_ammo	91.882996 -1975.558472 384.325317	0.047 0.000 -0.032
ttt_random_ammo	94.347031 -2000.415894 384.344604	0.049 0.000 -0.019
ttt_random_ammo	88.250908 -2027.308594 384.390228	0.476 0.003 0.524
ttt_random_ammo	85.055130 -2036.301147 384.332825	0.047 0.000 -0.028
weapon_zm_rifle	-1932.000000 -115.223999 -301.041992	0.000 0.000 0.000
weapon_zm_rifle	-1490.000000 170.000000 -301.041992	0.000 0.000 0.000
weapon_zm_rifle	-31.138901 -691.659973 -461.041992	0.000 0.000 0.000
weapon_zm_rifle	86.138901 688.659973 -461.041992	0.000 180.000 0.000
weapon_zm_rifle	1633.000000 176.000000 -301.041992	0.000 0.000 0.000
weapon_zm_rifle	-1648.000000 -292.000000 1050.959961	0.000 0.000 0.000
weapon_zm_rifle	-50.000000 460.000000 1156.959961	0.000 0.000 0.000
weapon_zm_rifle	-48.000000 471.000000 1156.959961	0.000 0.000 0.000
weapon_zm_mac10	330.000000 -2612.000000 444.450012	0.000 0.000 0.000
weapon_zm_mac10	-141.000000 -825.000000 5.471190	0.000 0.000 0.000
weapon_zm_mac10	-2421.399902 -450.860992 -298.528992	0.000 0.000 0.000
weapon_zm_mac10	-2420.000000 -466.000000 -298.528992	0.000 0.000 0.000
weapon_zm_mac10	79.000000 -708.000000 -458.528992	0.000 0.000 0.000
weapon_zm_mac10	73.000000 -694.000000 -458.528992	0.000 0.000 0.000
weapon_zm_mac10	-24.000000 705.000000 -458.528992	0.000 180.000 0.000
weapon_zm_mac10	-18.000000 691.000000 -458.528992	0.000 180.000 0.000
weapon_zm_mac10	715.000000 -1705.000000 389.471008	0.000 0.000 0.000
weapon_zm_mac10	690.000000 -1703.819946 389.471008	0.000 0.000 0.000
weapon_zm_mac10	886.000000 392.000000 1053.469971	0.000 0.000 0.000
weapon_zm_mac10	-201.000000 687.000000 1159.469971	0.000 0.000 0.000
weapon_zm_mac10	-201.000000 663.000000 1159.469971	0.000 0.000 0.000
weapon_zm_mac10	-247.460999 -3843.489990 388.471008	0.000 0.000 0.000
weapon_zm_mac10	-140.000000 -840.000000 5.471190	0.000 0.000 0.000
weapon_zm_mac10	-203.473999 341.937012 1048.000000	0.000 21.000 0.000
weapon_zm_mac10	-1882.000000 124.000000 1052.469971	0.000 270.000 0.000
item_ammo_357_ttt	-1900.949951 -140.727005 -302.723999	0.000 0.000 0.000
item_ammo_357_ttt	-1899.150024 -164.000000 -302.723999	0.000 0.000 0.000
item_ammo_357_ttt	-1915.479980 -160.153000 -302.723999	0.000 0.000 0.000
item_ammo_357_ttt	-1470.000000 190.000000 -302.723999	0.000 0.000 0.000
item_ammo_357_ttt	-1481.000000 190.000000 -302.723999	0.000 0.000 0.000
item_ammo_357_ttt	-1494.000000 189.000000 -302.723999	0.000 0.000 0.000
item_ammo_357_ttt	1653.000000 196.000000 -302.723999	0.000 0.000 0.000
item_ammo_357_ttt	1642.000000 196.000000 -302.723999	0.000 0.000 0.000
item_ammo_357_ttt	1629.000000 195.000000 -302.723999	0.000 0.000 0.000
item_ammo_357_ttt	808.333984 -2478.679932 385.276001	0.000 0.000 0.000
item_ammo_357_ttt	809.578003 -2496.649902 385.276001	0.000 0.000 0.000
item_ammo_357_ttt	801.317993 -2509.530029 385.276001	0.000 0.000 0.000
item_ammo_357_ttt	792.434998 -2493.020020 385.276001	0.000 0.000 0.000
item_ammo_357_ttt	790.171997 -2475.060059 385.276001	0.000 0.000 0.000
item_ammo_357_ttt	822.080994 -2480.899902 385.276001	0.000 0.000 0.000
item_ammo_357_ttt	-1658.469971 -303.449005 1049.280029	0.000 0.000 0.000
item_ammo_357_ttt	-1672.000000 -304.000000 1049.280029	0.000 0.000 0.000
item_ammo_357_ttt	-15.000000 484.000000 1155.280029	0.000 0.000 0.000
item_ammo_357_ttt	-15.000000 498.000000 1155.280029	0.000 0.000 0.000
item_ammo_357_ttt	-15.000000 512.000000 1155.280029	0.000 0.000 0.000
item_ammo_357_ttt	-25.000000 510.000000 1155.280029	0.000 0.000 0.000
item_ammo_357_ttt	-25.000000 496.000000 1155.280029	0.000 0.000 0.000
item_ammo_357_ttt	-25.000000 482.000000 1155.280029	0.000 0.000 0.000
item_ammo_pistol_ttt	73.711304 -3640.540039 385.279999	0.000 0.000 0.000
item_ammo_pistol_ttt	62.000000 -3640.000000 385.279999	0.000 0.000 0.000
item_ammo_pistol_ttt	61.000000 -3663.000000 385.279999	0.000 0.000 0.000
item_ammo_pistol_ttt	74.000000 -3663.000000 385.279999	0.000 0.000 0.000
item_ammo_pistol_ttt	-89.000000 -3665.000000 385.279999	0.000 0.000 0.000
item_ammo_pistol_ttt	-88.000000 -3642.000000 385.279999	0.000 0.000 0.000
item_ammo_pistol_ttt	-76.288696 -3642.540039 385.279999	0.000 0.000 0.000
item_ammo_pistol_ttt	-76.000000 -3665.000000 385.279999	0.000 0.000 0.000
item_ammo_pistol_ttt	404.890991 -2611.860107 385.279999	0.000 0.000 0.000
item_ammo_pistol_ttt	416.467987 -2611.110107 385.279999	0.000 0.000 0.000
item_ammo_pistol_ttt	190.957993 -1411.859985 1.280140	0.000 0.000 0.000
item_ammo_pistol_ttt	193.917007 -1439.729980 1.280140	0.000 0.000 0.000
item_ammo_pistol_ttt	174.712997 -1416.530029 1.280140	0.000 0.000 0.000
item_ammo_pistol_ttt	1176.000000 315.000000 74.507698	0.000 0.000 0.000
item_ammo_pistol_ttt	1159.000000 315.000000 74.507698	0.000 0.000 0.000
item_ammo_pistol_ttt	-2595.479980 -611.572998 -302.720001	0.000 0.000 0.000
item_ammo_pistol_ttt	-2606.000000 -612.000000 -302.720001	0.000 0.000 0.000
item_ammo_pistol_ttt	-2618.000000 -612.000000 -302.720001	0.000 0.000 0.000
item_ammo_pistol_ttt	-2630.000000 -612.000000 -302.720001	0.000 0.000 0.000
item_ammo_pistol_ttt	-2641.000000 -612.000000 -302.720001	0.000 0.000 0.000
item_ammo_pistol_ttt	-2652.000000 -612.000000 -302.720001	0.000 0.000 0.000
item_ammo_pistol_ttt	-2663.000000 -612.000000 -302.720001	0.000 0.000 0.000
item_ammo_pistol_ttt	-2674.000000 -612.000000 -302.720001	0.000 0.000 0.000
item_ammo_pistol_ttt	52.000000 -758.000000 -462.720001	0.000 0.000 0.000
item_ammo_pistol_ttt	44.000000 -758.000000 -462.720001	0.000 0.000 0.000
item_ammo_pistol_ttt	37.000000 -758.000000 -462.720001	0.000 0.000 0.000
item_ammo_pistol_ttt	30.000000 -758.000000 -462.720001	0.000 0.000 0.000
item_ammo_pistol_ttt	23.000000 -758.000000 -462.720001	0.000 0.000 0.000
item_ammo_pistol_ttt	16.000000 -758.000000 -462.720001	0.000 0.000 0.000
item_ammo_pistol_ttt	3.000000 755.000000 -462.720001	0.000 180.000 0.000
item_ammo_pistol_ttt	11.000000 755.000000 -462.720001	0.000 180.000 0.000
item_ammo_pistol_ttt	18.000000 755.000000 -462.720001	0.000 180.000 0.000
item_ammo_pistol_ttt	25.000000 755.000000 -462.720001	0.000 180.000 0.000
item_ammo_pistol_ttt	32.000000 755.000000 -462.720001	0.000 180.000 0.000
item_ammo_pistol_ttt	39.000000 755.000000 -462.720001	0.000 180.000 0.000
item_ammo_pistol_ttt	2210.000000 -1176.000000 -118.720001	0.000 0.000 0.000
item_ammo_pistol_ttt	2198.000000 -1176.000000 -118.720001	0.000 0.000 0.000
item_ammo_pistol_ttt	659.000000 -1709.000000 385.279999	0.000 0.000 0.000
item_ammo_pistol_ttt	647.000000 -1709.000000 385.279999	0.000 0.000 0.000
item_ammo_pistol_ttt	634.000000 -1708.000000 385.279999	0.000 0.000 0.000
item_ammo_pistol_ttt	621.000000 -1708.000000 385.279999	0.000 0.000 0.000
item_ammo_pistol_ttt	754.000000 -1921.000000 385.279999	0.000 90.000 0.000
item_ammo_pistol_ttt	754.000000 -1933.000000 385.279999	0.000 90.000 0.000
item_ammo_pistol_ttt	753.000000 -1946.000000 385.279999	0.000 90.000 0.000
item_ammo_pistol_ttt	753.000000 -1959.000000 385.279999	0.000 90.000 0.000
item_ammo_pistol_ttt	590.000000 -2564.000000 385.279999	0.000 90.000 0.000
item_ammo_pistol_ttt	597.000000 -2551.000000 385.279999	0.000 90.000 0.000
item_ammo_pistol_ttt	590.000000 -2537.000000 385.279999	0.000 90.000 0.000
item_ammo_pistol_ttt	590.000000 -2508.000000 385.279999	0.000 270.000 0.000
item_ammo_pistol_ttt	597.000000 -2495.000000 385.279999	0.000 270.000 0.000
item_ammo_pistol_ttt	597.000000 -2522.000000 385.279999	0.000 270.000 0.000
item_ammo_pistol_ttt	590.000000 -2481.000000 385.279999	0.000 270.000 0.000
item_ammo_pistol_ttt	1184.000000 -1820.000000 385.279999	0.000 270.000 0.000
item_ammo_pistol_ttt	1184.000000 -1833.000000 385.279999	0.000 270.000 0.000
item_ammo_pistol_ttt	1183.000000 -1846.000000 385.279999	0.000 270.000 0.000
item_ammo_pistol_ttt	1183.000000 -1858.000000 385.279999	0.000 270.000 0.000
item_ammo_pistol_ttt	1100.369995 -2252.770020 385.279999	0.000 90.000 0.000
item_ammo_pistol_ttt	1100.000000 -2267.699951 385.279999	0.000 90.000 0.000
item_ammo_pistol_ttt	1102.469971 -2289.949951 385.279999	0.000 90.000 0.000
item_ammo_pistol_ttt	1102.469971 -2312.949951 385.279999	0.000 90.000 0.000
item_ammo_pistol_ttt	1103.469971 -2331.949951 385.279999	0.000 90.000 0.000
item_ammo_pistol_ttt	1106.920044 -2353.000000 385.279999	0.000 90.000 0.000
item_ammo_pistol_ttt	1088.000000 -526.599976 1049.280029	0.000 270.000 0.000
item_ammo_pistol_ttt	1063.920044 -530.000000 1049.280029	0.000 270.000 0.000
item_ammo_pistol_ttt	-608.000000 -240.000000 1049.280029	0.000 0.000 0.000
item_ammo_pistol_ttt	-619.000000 -240.000000 1049.280029	0.000 0.000 0.000
item_ammo_pistol_ttt	-630.000000 -240.000000 1049.280029	0.000 0.000 0.000
item_ammo_pistol_ttt	-641.000000 -240.000000 1049.280029	0.000 0.000 0.000
item_ammo_pistol_ttt	-1639.660034 306.563995 1049.280029	0.000 0.000 0.000
item_ammo_pistol_ttt	-1622.599976 307.217987 1049.280029	0.000 0.000 0.000
item_ammo_pistol_ttt	-1601.069946 307.740997 1049.280029	0.000 0.000 0.000
item_ammo_pistol_ttt	-18.000000 552.000000 1155.280029	0.000 0.000 0.000
item_ammo_pistol_ttt	-27.000000 552.000000 1155.280029	0.000 0.000 0.000
item_ammo_pistol_ttt	-18.000000 531.000000 1155.280029	0.000 0.000 0.000
item_ammo_pistol_ttt	-27.000000 531.000000 1155.280029	0.000 0.000 0.000
item_ammo_pistol_ttt	-654.088989 -3455.570068 385.279999	0.000 0.000 0.000
item_ammo_pistol_ttt	-644.000000 -3455.000000 385.279999	0.000 0.000 0.000
item_ammo_pistol_ttt	638.088989 -3455.570068 385.279999	0.000 180.000 0.000
item_ammo_pistol_ttt	628.000000 -3455.000000 385.279999	0.000 180.000 0.000
item_ammo_pistol_ttt	144.873001 -1742.170044 0.280151	0.000 0.000 0.000
item_ammo_pistol_ttt	145.248001 -1765.890015 0.280151	0.000 0.000 0.000
item_ammo_pistol_ttt	132.828995 -1741.050049 0.280151	0.000 0.000 0.000
item_ammo_pistol_ttt	134.240997 -1765.199951 0.280151	0.000 0.000 0.000
item_ammo_pistol_ttt	-876.000000 172.000000 0.280140	0.000 0.000 0.000
item_ammo_pistol_ttt	-856.000000 172.000000 0.280140	0.000 0.000 0.000
item_ammo_pistol_ttt	-866.000000 172.000000 0.280140	0.000 0.000 0.000
item_ammo_pistol_ttt	-886.000000 172.000000 0.280140	0.000 0.000 0.000
item_ammo_pistol_ttt	-2753.840088 -187.367996 -303.720001	0.000 0.000 0.000
item_ammo_pistol_ttt	-2743.320068 -186.940994 -303.720001	0.000 0.000 0.000
item_ammo_pistol_ttt	2210.000000 -1154.000000 -118.720001	0.000 0.000 0.000
item_ammo_pistol_ttt	2198.000000 -1154.000000 -118.720001	0.000 0.000 0.000
item_ammo_pistol_ttt	-200.000000 -4089.000000 385.279999	0.000 0.000 0.000
item_ammo_pistol_ttt	-187.000000 -4089.000000 385.279999	0.000 0.000 0.000
item_ammo_pistol_ttt	-187.289001 -4066.540039 385.279999	0.000 0.000 0.000
item_ammo_pistol_ttt	-199.000000 -4066.000000 385.279999	0.000 0.000 0.000
item_ammo_pistol_ttt	180.000000 -4085.000000 385.279999	0.000 0.000 0.000
item_ammo_pistol_ttt	193.000000 -4085.000000 385.279999	0.000 0.000 0.000
item_ammo_pistol_ttt	192.710999 -4062.540039 385.279999	0.000 0.000 0.000
item_ammo_pistol_ttt	181.000000 -4062.000000 385.279999	0.000 0.000 0.000
item_ammo_pistol_ttt	-1282.000000 -130.000000 1048.280029	0.000 0.000 0.000
item_ammo_pistol_ttt	-1291.000000 -130.000000 1048.280029	0.000 0.000 0.000
weapon_zm_molotov	476.000000 -2940.000000 389.734985	0.000 0.000 0.000
weapon_zm_molotov	464.000000 -2938.000000 389.734985	0.000 0.000 0.000
weapon_zm_molotov	656.000000 -2470.000000 388.734985	0.000 0.000 0.000
weapon_zm_molotov	664.000000 -2470.000000 388.734985	0.000 0.000 0.000
weapon_zm_molotov	664.000000 -2478.000000 388.734985	0.000 0.000 0.000
weapon_zm_molotov	656.000000 -2478.000000 388.734985	0.000 0.000 0.000
weapon_zm_molotov	2405.229980 -1362.560059 -115.264999	0.000 270.000 0.000
weapon_zm_molotov	2397.229980 -1362.560059 -115.264999	0.000 270.000 0.000
weapon_zm_molotov	2397.229980 -1370.560059 -115.264999	0.000 270.000 0.000
weapon_zm_molotov	2405.229980 -1370.560059 -115.264999	0.000 270.000 0.000
weapon_zm_molotov	2206.000000 -242.000000 -299.265015	0.000 0.000 0.000
weapon_zm_molotov	-2454.000000 -614.000000 -299.265015	0.000 0.000 0.000
weapon_zm_molotov	-2446.000000 -614.000000 -299.265015	0.000 0.000 0.000
weapon_zm_molotov	470.000000 -550.000000 4.735110	0.000 0.000 0.000
weapon_zm_molotov	478.000000 -540.000000 4.735110	0.000 0.000 0.000
weapon_zm_molotov	-523.206970 -484.291992 4.735110	0.000 0.000 0.000
weapon_zm_molotov	608.000000 294.000000 1052.739990	0.000 90.000 0.000
weapon_zm_molotov	-40.000000 920.000000 1158.739990	0.000 0.000 0.000
weapon_zm_molotov	-40.000000 912.000000 1158.739990	0.000 0.000 0.000
weapon_zm_molotov	-32.000000 912.000000 1158.739990	0.000 0.000 0.000
weapon_zm_molotov	-32.000000 920.000000 1158.739990	0.000 0.000 0.000
weapon_ttt_confgrenade	-312.000000 -3284.000000 387.487000	0.000 0.000 0.000
weapon_ttt_confgrenade	-302.000000 -3280.000000 387.487000	0.000 0.000 0.000
weapon_ttt_confgrenade	294.000000 -3276.000000 387.487000	0.000 0.000 0.000
weapon_ttt_confgrenade	286.000000 -3278.000000 387.487000	0.000 0.000 0.000
weapon_ttt_confgrenade	622.000000 -2470.000000 387.487000	0.000 0.000 0.000
weapon_ttt_confgrenade	622.000000 -2478.000000 387.487000	0.000 0.000 0.000
weapon_ttt_confgrenade	630.000000 -2470.000000 387.487000	0.000 0.000 0.000
weapon_ttt_confgrenade	630.000000 -2478.000000 387.487000	0.000 0.000 0.000
weapon_ttt_confgrenade	2397.229980 -1336.560059 -116.513000	0.000 270.000 0.000
weapon_ttt_confgrenade	2405.229980 -1336.560059 -116.513000	0.000 270.000 0.000
weapon_ttt_confgrenade	2405.229980 -1328.560059 -116.513000	0.000 270.000 0.000
weapon_ttt_confgrenade	2397.229980 -1328.560059 -116.513000	0.000 270.000 0.000
weapon_ttt_confgrenade	2216.000000 -242.000000 -300.513000	0.000 0.000 0.000
weapon_ttt_confgrenade	-2480.000000 -614.000000 -300.513000	0.000 0.000 0.000
weapon_ttt_confgrenade	-2488.000000 -614.000000 -300.513000	0.000 0.000 0.000
weapon_ttt_confgrenade	-1006.000000 440.000000 3.487120	0.000 0.000 0.000
weapon_ttt_confgrenade	-1006.000000 448.000000 3.487120	0.000 0.000 0.000
weapon_ttt_confgrenade	488.000000 -550.000000 3.487120	0.000 0.000 0.000
weapon_ttt_confgrenade	478.000000 -560.000000 3.487120	0.000 0.000 0.000
weapon_ttt_confgrenade	36.444099 711.476013 3.487120	0.000 0.000 0.000
weapon_ttt_confgrenade	36.444099 719.476013 3.487120	0.000 0.000 0.000
weapon_ttt_confgrenade	-557.206970 -484.291992 3.487120	0.000 0.000 0.000
weapon_ttt_confgrenade	608.000000 260.000000 1051.489990	0.000 90.000 0.000
weapon_ttt_confgrenade	-66.000000 912.000000 1157.489990	0.000 0.000 0.000
weapon_ttt_confgrenade	-66.000000 920.000000 1157.489990	0.000 0.000 0.000
weapon_ttt_confgrenade	-74.000000 920.000000 1157.489990	0.000 0.000 0.000
weapon_ttt_confgrenade	-74.000000 912.000000 1157.489990	0.000 0.000 0.000
weapon_ttt_confgrenade	-93.410202 -401.925995 1043.489990	0.000 0.000 0.000
weapon_ttt_confgrenade	-93.410202 -393.925995 1043.489990	0.000 0.000 0.000
weapon_ttt_confgrenade	-101.410004 -393.925995 1043.489990	0.000 0.000 0.000
weapon_ttt_confgrenade	-101.410004 -401.925995 1043.489990	0.000 0.000 0.000
weapon_ttt_confgrenade	89.141403 406.084991 1043.489990	0.000 0.000 0.000
weapon_ttt_confgrenade	89.141403 398.084991 1043.489990	0.000 0.000 0.000
weapon_ttt_confgrenade	81.141403 406.084991 1043.489990	0.000 0.000 0.000
weapon_ttt_confgrenade	81.141403 398.084991 1043.489990	0.000 0.000 0.000
weapon_ttt_confgrenade	-1076.770020 234.746002 1051.489990	0.000 0.000 0.000
weapon_ttt_confgrenade	-1076.770020 226.746002 1051.489990	0.000 0.000 0.000
weapon_ttt_confgrenade	-1084.770020 234.746002 1051.489990	0.000 0.000 0.000
weapon_ttt_confgrenade	-1084.770020 226.746002 1051.489990	0.000 0.000 0.000
weapon_ttt_confgrenade	-1590.000000 6.000000 1096.000000	0.000 0.000 0.000
weapon_ttt_confgrenade	-1590.000000 -2.000000 1096.000000	0.000 0.000 0.000
weapon_ttt_confgrenade	-1598.000000 6.000000 1096.000000	0.000 0.000 0.000
weapon_ttt_confgrenade	-1598.000000 -2.000000 1096.000000	0.000 0.000 0.000
weapon_ttt_confgrenade	1148.000000 -232.000000 1083.920044	0.000 0.000 0.000
weapon_ttt_confgrenade	1148.000000 -240.000000 1083.920044	0.000 0.000 0.000
weapon_ttt_confgrenade	1140.000000 -232.000000 1083.920044	0.000 0.000 0.000
weapon_ttt_confgrenade	1140.000000 -240.000000 1083.920044	0.000 0.000 0.000
item_ammo_revolver_ttt	-263.791992 -3717.229980 385.276001	0.000 0.000 0.000
item_ammo_revolver_ttt	-263.000000 -3735.000000 385.276001	0.000 0.000 0.000
item_ammo_revolver_ttt	-255.000000 -3717.000000 385.276001	0.000 0.000 0.000
item_ammo_revolver_ttt	-255.000000 -3736.000000 385.276001	0.000 0.000 0.000
item_ammo_revolver_ttt	464.083008 -2997.100098 385.276001	0.000 0.000 0.000
item_ammo_revolver_ttt	485.023987 -2994.250000 385.276001	0.000 0.000 0.000
item_ammo_revolver_ttt	-491.026001 -3297.860107 385.276001	0.000 0.000 0.000
item_ammo_revolver_ttt	-1059.000000 93.000000 1.275810	0.000 0.000 0.000
item_ammo_revolver_ttt	-1047.000000 93.000000 1.275810	0.000 0.000 0.000
item_ammo_revolver_ttt	-1036.000000 93.000000 1.275810	0.000 0.000 0.000
item_ammo_revolver_ttt	-1025.000000 93.000000 1.275810	0.000 0.000 0.000
item_ammo_revolver_ttt	-2360.000000 13.000000 -217.005005	0.000 0.000 0.000
item_ammo_revolver_ttt	-2341.000000 28.000000 -217.005005	0.000 0.000 0.000
item_ammo_revolver_ttt	-21.000000 -761.000000 -462.723999	0.000 0.000 0.000
item_ammo_revolver_ttt	-29.000000 -761.000000 -462.723999	0.000 0.000 0.000
item_ammo_revolver_ttt	-37.000000 -761.000000 -462.723999	0.000 0.000 0.000
item_ammo_revolver_ttt	-45.000000 -761.000000 -462.723999	0.000 0.000 0.000
item_ammo_revolver_ttt	-13.000000 -761.000000 -462.723999	0.000 0.000 0.000
item_ammo_revolver_ttt	-5.000000 -761.000000 -462.723999	0.000 0.000 0.000
item_ammo_revolver_ttt	76.000000 758.000000 -462.723999	0.000 180.000 0.000
item_ammo_revolver_ttt	84.000000 758.000000 -462.723999	0.000 180.000 0.000
item_ammo_revolver_ttt	92.000000 758.000000 -462.723999	0.000 180.000 0.000
item_ammo_revolver_ttt	100.000000 758.000000 -462.723999	0.000 180.000 0.000
item_ammo_revolver_ttt	68.000000 758.000000 -462.723999	0.000 180.000 0.000
item_ammo_revolver_ttt	60.000000 758.000000 -462.723999	0.000 180.000 0.000
item_ammo_revolver_ttt	2193.209961 -817.799988 -118.723999	0.000 0.000 0.000
item_ammo_revolver_ttt	2206.320068 -815.494019 -118.723999	0.000 0.000 0.000
item_ammo_revolver_ttt	2216.889893 -812.940002 -118.723999	0.000 0.000 0.000
item_ammo_revolver_ttt	2205.260010 -833.306030 -118.723999	0.000 0.000 0.000
item_ammo_revolver_ttt	746.195007 -2563.409912 385.276001	0.000 0.000 0.000
item_ammo_revolver_ttt	745.252991 -2546.699951 385.276001	0.000 0.000 0.000
item_ammo_revolver_ttt	759.067017 -2559.979980 385.276001	0.000 0.000 0.000
item_ammo_revolver_ttt	769.905029 -2549.350098 385.276001	0.000 0.000 0.000
item_ammo_revolver_ttt	783.598022 -2544.070068 385.276001	0.000 0.000 0.000
item_ammo_revolver_ttt	756.302979 -2542.860107 385.276001	0.000 0.000 0.000
item_ammo_revolver_ttt	793.801025 -2533.520020 385.276001	0.000 0.000 0.000
item_ammo_revolver_ttt	772.179016 -2534.570068 385.276001	0.000 0.000 0.000
item_ammo_revolver_ttt	-240.837997 610.000000 1155.280029	0.000 0.000 0.000
item_ammo_revolver_ttt	-240.000000 626.000000 1155.280029	0.000 0.000 0.000
item_ammo_revolver_ttt	-230.000000 626.000000 1155.280029	0.000 0.000 0.000
item_ammo_revolver_ttt	-230.837997 610.000000 1155.280029	0.000 0.000 0.000
item_ammo_revolver_ttt	-241.000000 595.000000 1155.280029	0.000 0.000 0.000
item_ammo_revolver_ttt	-231.000000 595.000000 1155.280029	0.000 0.000 0.000
item_ammo_revolver_ttt	-480.000000 -3264.000000 410.000000	0.000 0.000 0.000
item_ammo_revolver_ttt	-480.000000 -3267.000000 421.000000	0.000 0.000 0.000
item_ammo_revolver_ttt	464.000000 -3264.000000 410.000000	0.000 180.000 0.000
item_ammo_revolver_ttt	464.000000 -3267.000000 421.000000	0.000 180.000 0.000
item_ammo_revolver_ttt	455.000000 -3312.199951 385.276001	0.000 0.000 0.000
item_ammo_revolver_ttt	727.133972 77.259003 0.275818	0.000 0.000 0.000
item_ammo_revolver_ttt	727.991028 57.341301 0.275818	0.000 0.000 0.000
item_ammo_revolver_ttt	207.858994 361.895996 1040.280029	0.000 250.500 0.000
item_ammo_revolver_ttt	211.197006 371.322998 1040.280029	0.000 250.500 0.000
item_ammo_revolver_ttt	226.000000 365.191986 1040.280029	0.000 250.500 0.000
item_ammo_revolver_ttt	222.662003 355.765991 1040.280029	0.000 250.500 0.000
item_ammo_revolver_ttt	-195.576996 -363.130005 1040.280029	0.000 62.500 0.000
item_ammo_revolver_ttt	-200.195007 -372.000000 1040.280029	0.000 62.500 0.000
item_ammo_revolver_ttt	-214.000000 -363.868988 1040.280029	0.000 62.500 0.000
item_ammo_revolver_ttt	-209.382996 -354.998993 1040.280029	0.000 62.500 0.000
weapon_zm_shotgun	-600.106995 -3005.840088 391.489014	0.000 0.000 0.000
weapon_zm_shotgun	-603.000000 -2819.000000 391.489014	0.000 0.000 0.000
weapon_zm_shotgun	180.042999 -1520.390015 3.488650	0.000 0.000 0.000
weapon_zm_shotgun	-709.000000 407.000000 3.488650	0.000 0.000 0.000
weapon_zm_shotgun	-1694.939941 608.421997 -430.510986	0.000 0.000 0.000
weapon_zm_shotgun	-1596.989990 758.713013 -430.510986	0.000 0.000 0.000
weapon_zm_shotgun	2112.000000 129.000000 -300.510986	0.000 270.000 0.000
weapon_zm_shotgun	2096.000000 129.000000 -300.510986	0.000 270.000 0.000
weapon_zm_shotgun	782.674011 -1726.079956 387.489014	0.000 0.000 0.000
weapon_zm_shotgun	783.000000 -1738.000000 387.489014	0.000 0.000 0.000
weapon_zm_shotgun	606.000000 -2180.000000 426.000000	0.000 0.000 0.000
weapon_zm_shotgun	894.000000 -519.000000 1102.000000	0.000 180.000 0.000
weapon_zm_shotgun	-205.000000 549.000000 1157.489990	0.000 90.000 0.000
weapon_zm_shotgun	-214.968994 550.544983 1157.489990	0.000 90.000 0.000
weapon_zm_shotgun	419.240997 -2903.159912 386.489014	0.000 0.000 0.000
weapon_zm_shotgun	712.706970 9.115480 2.488650	0.000 0.000 0.000
weapon_zm_shotgun	719.598999 -12.294200 2.488650	0.000 0.000 0.000
weapon_zm_shotgun	-2754.000000 168.000000 -253.798996	0.000 90.000 0.000
weapon_zm_shotgun	-2744.000000 168.000000 -253.798996	0.000 90.000 0.000
weapon_zm_shotgun	189.910004 -1986.310059 424.489014	0.000 45.000 0.000
weapon_zm_shotgun	-18.000000 -240.000000 1074.920044	0.000 107.000 0.000
weapon_zm_sledge	676.000000 386.000000 4.857780	0.000 0.000 0.000
weapon_zm_sledge	-2725.090088 -364.964996 -299.141998	0.000 0.000 0.000
weapon_zm_sledge	33.996899 -695.088989 -459.141998	0.000 0.000 0.000
weapon_zm_sledge	21.003099 692.088989 -459.141998	0.000 180.000 0.000
weapon_zm_sledge	369.404999 -1574.000000 426.000000	0.000 0.000 0.000
weapon_zm_sledge	-1017.000000 -232.000000 1052.859985	0.000 0.000 0.000
weapon_zm_sledge	-232.626999 505.434998 1158.859985	0.000 0.000 0.000
weapon_zm_sledge	-227.929001 524.125977 1158.859985	0.000 0.000 0.000
weapon_zm_sledge	-619.952026 -3313.320068 388.858002	0.000 0.000 0.000
weapon_zm_sledge	603.952026 -3313.320068 388.858002	0.000 180.000 0.000
weapon_zm_sledge	-138.164993 -1707.719971 3.857780	0.000 0.000 0.000
weapon_zm_sledge	-2117.330078 297.177002 -300.141998	0.000 0.000 0.000
weapon_zm_sledge	162.473007 199.330994 1043.859985	0.000 0.000 0.000
weapon_zm_sledge	-182.578003 -190.764008 1043.859985	0.000 0.000 0.000
weapon_zm_sledge	5.886670 -262.618011 1076.290039	0.000 0.000 0.000
weapon_zm_revolver	-264.000000 -3704.000000 386.997986	0.000 0.000 0.000
weapon_zm_revolver	472.579010 -2977.010010 386.997986	0.000 0.000 0.000
weapon_zm_revolver	-479.670013 -3308.659912 386.997986	0.000 0.000 0.000
weapon_zm_revolver	-994.356018 142.028000 2.997950	0.000 0.000 0.000
weapon_zm_revolver	-1021.869995 116.933998 2.997950	0.000 0.000 0.000
weapon_zm_revolver	-2324.000000 46.000000 -217.005005	0.000 0.000 0.000
weapon_zm_revolver	-91.978104 -717.237000 -461.002014	0.000 0.000 0.000
weapon_zm_revolver	-86.500504 -701.111023 -461.002014	0.000 0.000 0.000
weapon_zm_revolver	146.977997 714.237000 -461.002014	0.000 180.000 0.000
weapon_zm_revolver	141.500000 698.111023 -461.002014	0.000 180.000 0.000
weapon_zm_revolver	2182.350098 -801.880981 -117.001999	0.000 0.000 0.000
weapon_zm_revolver	2210.000000 -798.351013 -117.001999	0.000 0.000 0.000
weapon_zm_revolver	798.000000 -2322.000000 426.000000	0.000 0.000 0.000
weapon_zm_revolver	794.000000 -2279.000000 426.000000	0.000 0.000 0.000
weapon_zm_revolver	-217.000000 604.000000 1157.000000	0.000 0.000 0.000
weapon_zm_revolver	-218.000000 621.367981 1157.000000	0.000 0.000 0.000
weapon_zm_revolver	466.355988 -3323.000000 386.997986	0.000 0.000 0.000
weapon_zm_revolver	-2479.149902 438.200012 -302.002014	0.000 0.000 0.000
weapon_zm_revolver	-1303.000000 25.000000 144.000000	0.000 0.000 0.000
weapon_zm_revolver	706.361023 98.642601 1.997960	0.000 0.000 0.000
weapon_zm_revolver	122.000000 -2152.000000 433.191986	0.000 270.000 0.000
weapon_zm_revolver	197.584000 350.855011 1042.000000	0.000 250.500 0.000
weapon_zm_revolver	214.289993 346.000000 1042.000000	0.000 250.500 0.000
weapon_zm_revolver	-183.865997 -353.626007 1042.000000	0.000 62.500 0.000
weapon_zm_revolver	-199.733002 -346.493011 1042.000000	0.000 62.500 0.000
weapon_ttt_glock	396.000000 -2610.000000 433.447998	0.000 0.000 0.000
weapon_ttt_glock	-1647.849976 -177.348999 -301.067993	0.000 0.000 0.000
weapon_ttt_glock	-1697.000000 -177.000000 -301.067993	0.000 0.000 0.000
weapon_ttt_glock	1475.150024 -171.348999 -301.067993	0.000 0.000 0.000
weapon_ttt_glock	1426.000000 -171.000000 -301.067993	0.000 0.000 0.000
weapon_ttt_glock	2180.610107 -785.549011 -117.068001	0.000 0.000 0.000
weapon_ttt_glock	2207.179932 -784.000000 -117.068001	0.000 0.000 0.000
weapon_ttt_glock	641.000000 -1734.000000 386.932007	0.000 0.000 0.000
weapon_ttt_glock	614.000000 -1735.000000 386.932007	0.000 0.000 0.000
weapon_ttt_glock	130.645996 -1701.880005 1.931700	0.000 0.000 0.000
weapon_ttt_glock	131.123993 -1717.329956 1.931700	0.000 0.000 0.000
weapon_zm_pistol	64.000000 -3697.000000 386.722992	0.000 0.000 0.000
weapon_zm_pistol	64.000000 -3686.000000 386.722992	0.000 0.000 0.000
weapon_zm_pistol	-89.000000 -3687.000000 386.722992	0.000 0.000 0.000
weapon_zm_pistol	-89.000000 -3698.000000 386.722992	0.000 0.000 0.000
weapon_zm_pistol	1118.000000 -2191.000000 386.722992	0.000 0.000 0.000
weapon_zm_pistol	1102.839966 -2218.310059 386.722992	0.000 0.000 0.000
weapon_zm_pistol	1078.359985 -2196.909912 386.722992	0.000 0.000 0.000
weapon_zm_pistol	-616.000000 -208.000000 1052.859985	0.000 0.000 0.000
weapon_zm_pistol	-616.000000 -192.000000 1052.859985	0.000 0.000 0.000
weapon_zm_pistol	64.000000 -3707.000000 386.722992	0.000 0.000 0.000
weapon_zm_pistol	-88.000000 -3710.000000 386.722992	0.000 0.000 0.000
weapon_zm_pistol	-200.000000 -4122.000000 386.722992	0.000 0.000 0.000
weapon_zm_pistol	-200.000000 -4111.000000 386.722992	0.000 0.000 0.000
weapon_zm_pistol	180.000000 -4118.000000 386.722992	0.000 0.000 0.000
weapon_zm_pistol	180.000000 -4107.000000 386.722992	0.000 0.000 0.000
