# Trouble in Terrorist Town weapon/ammo placement overrides
# For map: ttt_bank_b3
# Exported by: [REALM] Robopossum
setting:	replacespawns 0
weapon_ttt_smokegrenade	337.606995 2485.610107 -634.632996	0.000 0.000 0.000
weapon_ttt_smokegrenade	-938.265991 909.000000 -607.000000	0.000 0.000 0.000
weapon_ttt_smokegrenade	-938.265991 884.000000 -607.000000	0.000 0.000 0.000
weapon_ttt_smokegrenade	-938.265991 864.000000 -607.000000	0.000 0.000 0.000
weapon_ttt_smokegrenade	-938.265991 845.000000 -607.000000	0.000 0.000 0.000
ttt_random_weapon	613.653015 2577.239990 -115.900002	0.000 0.000 0.000
ttt_random_weapon	198.186996 1347.040039 -613.270020	0.000 0.000 0.000
ttt_random_weapon	806.742004 2691.679932 -608.833984	0.000 0.000 0.000
ttt_random_weapon	329.765015 2003.290039 -694.627014	0.000 0.000 0.000
ttt_random_weapon	1966.390015 775.651001 -246.626999	0.000 0.000 0.000
ttt_random_weapon	763.078003 2584.169922 -115.901001	0.000 0.000 0.000
ttt_random_weapon	-883.000000 853.000000 -680.627014	0.000 274.500 73.500
ttt_random_weapon	-881.000000 904.000000 -680.627014	0.000 274.500 73.500
ttt_random_weapon	-840.000000 905.000000 -680.627014	0.000 274.500 73.500
ttt_random_weapon	-844.000000 854.000000 -680.627014	0.000 274.500 73.500
ttt_random_weapon	-912.403992 786.994995 -615.942017	0.000 274.500 73.500
ttt_random_weapon	-912.549011 969.932007 -615.942017	0.000 274.500 73.500
ttt_random_weapon	1404.250000 1035.729980 -246.626999	0.000 90.000 0.000
ttt_random_weapon	1727.910034 2615.379883 -246.626999	0.000 90.000 0.000
ttt_random_weapon	-460.066010 2679.219971 -246.626999	0.000 90.000 0.000
ttt_random_weapon	1281.920044 1887.949951 -643.846008	0.000 0.000 0.000
ttt_random_weapon	1167.060059 2862.320068 -246.626999	0.000 0.000 0.000
ttt_random_weapon	2045.849976 2296.280029 -246.626999	0.000 0.000 0.000
ttt_random_weapon	1994.400024 52.287201 -180.052002	0.000 0.000 0.000
ttt_random_weapon	-369.596985 286.112000 -246.626999	0.000 0.000 0.000
ttt_random_weapon	-806.051025 1915.739990 -246.626999	0.000 0.000 0.000
ttt_random_weapon	113.014000 2714.790039 -246.626999	0.000 0.000 0.000
ttt_random_weapon	302.177002 2503.810059 -629.994995	0.000 0.000 0.000
ttt_random_weapon	835.979980 2660.020020 -590.616028	0.000 0.000 0.000
ttt_random_weapon	1020.020020 2203.600098 -629.994995	0.000 0.000 0.000
ttt_random_weapon	503.171997 934.747009 -686.627014	0.000 0.000 0.000
ttt_random_weapon	-764.797974 1306.900024 -141.617004	0.000 0.000 0.000
ttt_random_weapon	-865.419006 2207.929932 -246.626999	0.000 0.000 0.000
ttt_random_weapon	269.394012 2973.810059 -246.626999	0.000 0.000 0.000
ttt_random_weapon	2194.209961 1542.949951 -141.617004	0.000 0.000 0.000
ttt_random_weapon	2271.120117 218.514999 -246.626999	0.000 0.000 0.000
ttt_random_weapon	274.779663 755.244934 -254.871979	1.678 25.150 -92.407
ttt_random_weapon	122.895752 1274.701904 -254.751968	1.332 3.934 -93.841
ttt_random_weapon	233.220169 2467.267090 -254.779480	1.644 4.988 -93.127
ttt_random_weapon	864.374084 2355.289795 -254.764877	1.478 4.973 -93.506
ttt_random_weapon	1050.109985 1771.609497 -254.779907	1.648 4.988 -93.116
ttt_random_weapon	1442.827637 1751.803833 -62.805096	1.899 5.713 -92.676
ttt_random_weapon	1486.973999 2315.806885 -62.795589	1.798 5.714 -92.884
ttt_random_weapon	304.184082 2296.495605 -62.272270	-2.241 -173.196 85.347
ttt_random_weapon	838.775269 837.317078 -38.164188	1.474 4.009 -93.820
weapon_ttt_m16	1615.410034 1879.119995 -171.453003	-19.501 90.000 -90.000
weapon_ttt_m16	687.796997 1533.369995 -251.266998	-19.501 90.000 -90.000
weapon_ttt_m16	-777.000000 784.000000 -627.000000	0.000 0.000 73.500
weapon_ttt_m16	1120.719971 1773.819946 -171.503006	0.000 0.000 0.000
weapon_ttt_m16	857.161987 1923.939941 -146.307007	0.000 154.500 0.000
item_box_buckshot_ttt	1365.280029 1774.290039 -175.891006	0.000 282.000 0.000
item_box_buckshot_ttt	1354.000000 1782.000000 -175.891006	0.000 235.500 0.000
item_box_buckshot_ttt	-350.000000 1222.000000 -243.705994	0.000 62.000 0.000
ttt_random_ammo	1616.000000 1874.000000 -223.498993	0.000 0.000 0.000
ttt_random_ammo	1616.000000 1896.000000 -223.498993	0.000 0.000 0.000
ttt_random_ammo	1616.000000 1916.000000 -223.498993	0.000 89.000 0.000
ttt_random_ammo	1616.000000 1916.000000 -196.000000	0.000 90.500 0.000
ttt_random_ammo	1616.000000 1874.000000 -196.000000	0.000 0.000 0.000
ttt_random_ammo	1616.000000 1896.000000 -196.000000	0.000 0.000 0.000
ttt_random_ammo	1616.000000 1916.000000 -246.000000	0.000 90.000 0.000
ttt_random_ammo	1616.000000 1874.000000 -246.000000	0.000 0.000 0.000
ttt_random_ammo	1616.000000 1896.000000 -246.000000	0.000 0.000 0.000
ttt_random_ammo	607.193970 2175.570068 -33.999401	0.000 0.000 0.000
ttt_random_ammo	722.403992 2217.780029 -63.999401	0.000 0.000 0.000
ttt_random_ammo	666.664001 2466.919922 -63.999401	0.000 0.000 0.000
ttt_random_ammo	507.347992 1851.060059 -63.999401	0.000 0.000 0.000
ttt_random_ammo	610.018005 1905.939941 -33.999401	0.000 0.000 0.000
ttt_random_ammo	940.468994 2448.350098 -255.998993	0.000 0.000 0.000
ttt_random_ammo	1514.000000 1648.000000 -204.044006	0.000 0.000 0.000
ttt_random_ammo	1265.599976 1650.949951 -231.322998	0.000 0.000 0.000
ttt_random_ammo	689.827026 1614.420044 -215.998993	0.000 90.000 0.000
ttt_random_ammo	685.500000 1364.930054 -215.998993	0.000 90.000 0.000
ttt_random_ammo	842.822021 1234.439941 -215.998993	0.000 180.000 0.000
ttt_random_ammo	144.167007 1899.260010 -135.046997	0.000 0.000 0.000
ttt_random_ammo	795.854980 2678.030029 -618.206970	0.000 0.000 0.000
ttt_random_ammo	929.562012 1551.959961 -605.218994	0.000 0.000 0.000
ttt_random_ammo	472.895996 931.961975 -695.999023	0.000 0.000 0.000
ttt_random_ammo	689.935974 1924.609985 -653.218994	0.000 0.000 0.000
ttt_random_ammo	546.289978 2248.239990 -225.414993	0.000 0.000 0.000
ttt_random_ammo	670.918030 2588.810059 -164.988007	0.000 98.000 0.000
ttt_random_ammo	711.833008 2560.719971 -164.391006	0.000 287.000 0.000
ttt_random_ammo	646.552979 2631.489990 -168.563004	0.000 264.000 0.000
ttt_random_ammo	625.767029 2558.679932 -165.518997	0.000 132.000 0.000
ttt_random_ammo	728.385010 2631.340088 -169.852997	0.000 242.000 0.000
ttt_random_ammo	717.500000 2588.770020 -125.273003	0.000 98.000 0.000
ttt_random_ammo	690.375000 1479.339966 -255.998993	0.000 90.000 0.000
ttt_random_ammo	-333.407013 1172.099976 -243.998993	0.000 0.000 0.000
ttt_random_ammo	192.925003 2249.040039 -255.998993	0.000 98.000 0.000
ttt_random_ammo	800.374023 1230.469971 -254.998993	0.000 287.000 0.000
ttt_random_ammo	190.835999 1303.069946 -662.999023	0.000 264.000 0.000
ttt_random_ammo	292.076996 1978.959961 -702.999023	0.000 132.000 0.000
ttt_random_ammo	778.531006 2767.860107 -702.999023	0.000 242.000 0.000
ttt_random_ammo	29.662300 2714.010010 -702.999023	0.000 159.000 0.000
ttt_random_ammo	195.052994 2071.870117 -255.998993	0.000 205.000 0.000
ttt_random_ammo	547.888977 2473.889893 -255.998993	0.000 168.000 0.000
ttt_random_ammo	466.708008 2336.199951 -225.414993	0.000 168.000 0.000
ttt_random_ammo	201.602997 1983.770020 -254.998993	0.000 118.000 0.000
ttt_random_ammo	1566.790039 1667.359985 -254.998993	0.000 113.000 0.000
ttt_random_ammo	849.507019 1509.180054 -62.999401	0.000 38.000 0.000
ttt_random_ammo	525.304993 915.030029 -62.999401	0.000 7.000 0.000
ttt_random_ammo	172.110992 2056.350098 -63.999401	0.000 276.000 0.000
ttt_random_ammo	1061.910034 2334.719971 -31.128599	0.000 276.000 0.000
ttt_random_ammo	1220.939941 2469.969971 -62.999401	0.000 73.000 0.000
ttt_random_ammo	-764.000000 970.854980 -599.000000	0.000 0.000 0.000
ttt_random_ammo	-801.125000 970.570007 -599.000000	0.000 0.000 0.000
ttt_random_ammo	-845.504028 969.706970 -599.000000	0.000 0.000 0.000
ttt_random_ammo	-844.504028 969.706970 -625.000000	0.000 0.000 0.000
ttt_random_ammo	-800.125000 970.570007 -625.000000	0.000 0.000 0.000
ttt_random_ammo	-763.000000 970.854980 -625.000000	0.000 0.000 0.000
ttt_random_ammo	-845.504028 969.706970 -653.000000	0.000 0.000 0.000
ttt_random_ammo	-801.125000 970.570007 -653.000000	0.000 0.000 0.000
ttt_random_ammo	-764.000000 970.854980 -653.000000	0.000 0.000 0.000
ttt_random_ammo	-583.187988 1046.829956 -620.999023	0.000 0.000 0.000
ttt_random_ammo	-610.330994 1047.219971 -620.999023	0.000 0.000 0.000
ttt_random_ammo	-689.713013 1018.109985 -625.314026	0.000 0.000 0.000
ttt_random_ammo	-722.023010 1037.310059 -625.314026	0.000 0.000 0.000
ttt_random_ammo	-758.166992 1038.119995 -625.314026	0.000 0.000 0.000
ttt_random_ammo	-755.366028 1010.840027 -625.314026	0.000 0.000 0.000
ttt_random_ammo	-719.437012 1015.309998 -625.314026	0.000 0.000 0.000
ttt_random_ammo	-691.903992 1040.180054 -625.314026	0.000 0.000 0.000
ttt_random_ammo	-788.101990 1014.809998 -625.314026	0.000 0.000 0.000
ttt_random_ammo	-787.122009 1042.010010 -625.314026	0.000 0.000 0.000
ttt_random_ammo	-690.862000 737.812988 -625.314026	0.000 0.000 0.000
ttt_random_ammo	-688.244019 710.539001 -625.314026	0.000 0.000 0.000
ttt_random_ammo	-717.343994 713.950989 -625.314026	0.000 0.000 0.000
ttt_random_ammo	-717.617004 736.551025 -625.314026	0.000 0.000 0.000
ttt_random_ammo	-750.609985 734.254028 -625.314026	0.000 0.000 0.000
ttt_random_ammo	-754.632019 709.914978 -625.314026	0.000 0.000 0.000
ttt_random_ammo	-785.416992 710.101013 -625.314026	0.000 0.000 0.000
ttt_random_ammo	-784.257019 738.138977 -625.314026	0.000 0.000 0.000
ttt_random_ammo	859.876526 792.488586 -38.937119	-0.159 0.384 0.076
ttt_random_ammo	848.088745 801.656677 -38.994381	0.168 -0.007 0.187
ttt_random_ammo	255.118500 2288.547607 -32.317108	-0.069 0.000 -0.021
ttt_random_ammo	263.927979 2301.359375 -32.370678	-0.016 -0.147 0.186
ttt_random_ammo	1428.196411 1725.410522 -63.610783	0.395 0.002 0.426
ttt_random_ammo	1443.033447 1727.236572 -63.679962	0.045 0.000 -0.033
ttt_random_ammo	1470.424927 2294.916260 -63.620564	0.162 0.001 0.138
ttt_random_ammo	1487.213379 2297.388672 -63.578133	1.392 0.032 1.668
ttt_random_ammo	1092.233276 1782.897705 -255.575211	1.575 0.041 1.914
ttt_random_ammo	1081.905273 1776.271606 -255.629028	0.101 0.000 0.058
ttt_random_ammo	135.269058 1297.383911 -245.497559	0.403 57.791 -180.000
ttt_random_ammo	129.242371 1282.092407 -252.375397	-88.852 9.242 -93.425
ttt_random_ammo	241.081116 722.174744 -228.348663	-89.426 143.784 90.494
ttt_random_ammo	264.764099 721.158447 -231.530090	-1.266 -1.350 -0.710
ttt_random_ammo	203.494446 2481.810059 -255.585114	-1.291 -0.020 1.517
ttt_random_ammo	199.799164 2463.104736 -255.575699	-1.683 -0.028 1.997
ttt_random_ammo	868.442139 2372.864014 -255.657684	0.048 0.000 -0.022
ttt_random_ammo	846.652893 2369.735107 -255.625580	0.122 -0.000 -0.085
weapon_zm_rifle	322.181000 2039.939941 -618.841003	0.000 0.000 90.000
weapon_zm_rifle	406.738007 788.086975 -28.491699	0.000 20.500 90.000
weapon_zm_rifle	-814.875000 791.090027 -593.585999	0.000 0.000 73.500
weapon_zm_mac10	744.526978 2730.350098 -613.736023	0.000 0.000 90.000
weapon_zm_mac10	-816.000000 785.000000 -627.000000	0.000 0.000 73.500
item_ammo_357_ttt	534.883972 1659.410034 -33.724201	0.000 108.023 0.000
item_ammo_357_ttt	407.917999 808.265015 -32.141399	0.000 106.631 0.000
item_ammo_357_ttt	421.424011 815.161011 -32.141399	0.000 101.988 0.000
item_ammo_357_ttt	404.006012 819.536011 -32.141399	0.000 0.000 0.000
item_ammo_pistol_ttt	1372.000000 1776.000000 -243.705994	0.000 242.000 0.000
item_ammo_pistol_ttt	1394.000000 1774.000000 -245.516998	0.000 159.000 0.000
weapon_zm_molotov	688.052979 1811.150024 -211.264999	0.000 0.000 0.000
weapon_zm_molotov	525.226013 2218.800049 -220.681000	0.000 0.000 0.000
weapon_zm_molotov	143.632996 2449.840088 -135.253998	0.000 0.000 0.000
weapon_zm_molotov	1431.619995 1768.459961 -211.026993	0.000 0.000 0.000
weapon_zm_molotov	392.266998 930.637024 -650.786987	0.000 90.000 0.000
weapon_zm_molotov	-938.000000 848.000000 -647.000000	0.000 0.000 0.000
weapon_zm_molotov	-938.000000 867.000000 -647.000000	0.000 0.000 0.000
weapon_zm_molotov	-938.000000 887.000000 -647.000000	0.000 0.000 0.000
weapon_zm_molotov	-938.000000 912.000000 -647.000000	0.000 0.000 0.000
weapon_ttt_confgrenade	1396.000000 1765.000000 -195.440002	0.000 176.037 0.000
weapon_ttt_confgrenade	1356.000000 1766.000000 -220.000000	0.000 176.037 0.000
weapon_ttt_confgrenade	1135.000000 2472.000000 -233.000000	0.000 0.000 0.000
weapon_ttt_confgrenade	-938.000000 911.000000 -627.000000	0.000 0.000 0.000
weapon_ttt_confgrenade	-938.000000 886.000000 -627.000000	0.000 0.000 0.000
weapon_ttt_confgrenade	-938.000000 866.000000 -627.000000	0.000 0.000 0.000
weapon_ttt_confgrenade	-938.000000 847.000000 -627.000000	0.000 0.000 0.000
item_ammo_revolver_ttt	1266.000000 1769.000000 -242.000000	0.000 266.000 0.000
item_ammo_revolver_ttt	1284.000000 1769.000000 -242.000000	0.000 312.000 0.000
item_ammo_revolver_ttt	863.257019 1190.469971 -607.130005	0.000 180.000 0.000
item_ammo_revolver_ttt	878.658997 1171.689941 -607.130005	0.000 6.000 0.000
item_ammo_revolver_ttt	886.021973 1192.229980 -607.130005	0.000 253.037 0.000
item_ammo_revolver_ttt	323.987000 2548.949951 -639.091980	0.000 253.037 0.000
item_ammo_revolver_ttt	307.523987 2549.820068 -639.091980	0.000 180.000 0.000
item_ammo_revolver_ttt	316.962006 2536.780029 -639.091980	0.000 6.000 0.000
item_ammo_revolver_ttt	-780.843018 1344.530029 -150.714005	0.000 6.000 0.000
item_ammo_revolver_ttt	-773.818970 1356.699951 -150.714005	0.000 253.037 0.000
item_ammo_revolver_ttt	-790.281006 1357.569946 -150.714005	0.000 180.000 0.000
item_ammo_revolver_ttt	255.054993 2918.830078 -191.091995	0.000 6.000 0.000
item_ammo_revolver_ttt	262.079987 2931.000000 -191.091995	0.000 253.037 0.000
item_ammo_revolver_ttt	245.617004 2931.879883 -191.091995	0.000 180.000 0.000
item_ammo_revolver_ttt	1933.839966 2341.479980 -255.723999	0.000 6.000 0.000
item_ammo_revolver_ttt	1940.869995 2353.649902 -255.723999	0.000 253.037 0.000
item_ammo_revolver_ttt	1924.400024 2354.530029 -255.723999	0.000 180.000 0.000
item_ammo_revolver_ttt	1908.530029 66.049301 -247.723999	0.000 6.000 0.000
item_ammo_revolver_ttt	1915.550049 78.217499 -247.723999	0.000 253.037 0.000
item_ammo_revolver_ttt	1899.089966 79.094002 -247.723999	0.000 180.000 0.000
item_ammo_revolver_ttt	1496.060059 2082.570068 -703.723999	0.000 6.000 0.000
item_ammo_revolver_ttt	1503.089966 2094.729980 -703.723999	0.000 253.037 0.000
item_ammo_revolver_ttt	1486.619995 2095.610107 -703.723999	0.000 180.000 0.000
weapon_zm_shotgun	923.146973 1560.800049 -700.979980	0.000 0.000 90.000
weapon_zm_shotgun	-856.000000 786.000000 -627.000000	0.000 0.000 73.500
weapon_zm_shotgun	-354.065002 1192.390015 -241.511002	0.000 0.000 90.000
weapon_zm_sledge	-856.000000 786.000000 -660.000000	0.000 0.000 73.500
weapon_zm_revolver	1280.000000 1765.000000 -219.699005	-5.961 0.157 -91.508
weapon_zm_revolver	1024.540039 2220.310059 -637.369995	0.000 90.000 0.000
weapon_zm_revolver	650.263000 2161.679932 -62.001701	0.000 90.000 0.000
weapon_zm_revolver	230.811996 2323.760010 -62.001701	0.000 90.000 0.000
weapon_zm_revolver	1490.810059 1956.170044 -62.001701	0.000 90.000 0.000
weapon_zm_revolver	1270.560059 1767.920044 -174.186996	-5.961 0.157 -91.508
weapon_zm_revolver	-777.000000 784.000000 -660.000000	0.000 0.000 73.500
weapon_zm_revolver	219.634995 1902.859985 -148.992004	0.000 261.000 0.000
weapon_zm_revolver	863.898010 1177.310059 -605.406982	0.000 270.000 90.000
weapon_zm_revolver	305.250000 2539.459961 -637.369995	0.000 270.000 90.000
weapon_zm_revolver	-792.556030 1347.209961 -148.990997	0.000 270.000 90.000
weapon_zm_revolver	243.341995 2921.510010 -189.369995	0.000 270.000 90.000
weapon_zm_revolver	1922.130005 2344.159912 -254.001999	0.000 270.000 90.000
weapon_zm_revolver	1896.819946 68.728500 -246.001999	0.000 270.000 90.000
weapon_zm_revolver	1484.349976 2085.250000 -702.002014	0.000 270.000 90.000
weapon_zm_revolver	1062.000000 2480.000000 -235.000000	0.000 0.000 0.000
weapon_zm_pistol	511.281006 2003.729980 -10.935700	0.000 261.000 0.000
weapon_zm_pistol	1249.260010 1774.869995 -174.462006	-5.961 276.193 -91.508
weapon_zm_pistol	1382.930054 1771.349976 -174.462006	-5.961 276.193 -91.508
weapon_zm_pistol	-816.000000 785.000000 -660.000000	0.000 0.000 73.500
weapon_zm_pistol	1257.229980 1781.160034 -217.619995	-5.961 276.193 -91.508
weapon_zm_pistol	1120.500000 1781.160034 -188.324005	-5.961 276.193 -91.508
weapon_zm_pistol	1459.060059 1650.390015 -190.891998	-5.961 276.193 -91.508
weapon_zm_pistol	652.317993 1869.699951 -189.645004	-5.961 276.193 -91.508
weapon_zm_pistol	825.989990 1894.380005 -149.266998	-5.961 276.193 -91.508
weapon_zm_pistol	665.172974 2453.290039 -189.645004	-5.961 276.193 -91.508
weapon_zm_pistol	127.101997 2397.780029 -149.266998	-5.961 276.193 -91.508
weapon_zm_pistol	126.751999 2086.879883 -189.645004	-5.961 276.193 -91.508
