# Trouble in Terrorist Town weapon/ammo placement overrides
# For map: ttt_escher_nmp8_d
# Exported by: unnamed
setting:	replacespawns 0
ttt_random_weapon	-653.2858 -1024.1881 -62.7799	1.648 4.988 -93.116	auto_ammo 1
ttt_random_weapon	-705.6389 -1025.6489 -62.7732	1.573 4.985 -93.289	auto_ammo 1
ttt_random_weapon	262.9361 -1021.7889 -62.7749	1.592 4.986 -93.245	auto_ammo 1
ttt_random_weapon	3.3639 -573.7869 -62.7674	1.508 4.977 -93.439	auto_ammo 1
ttt_random_weapon	373.7576 -990.1433 65.2298	1.539 4.982 -93.366	auto_ammo 1
ttt_random_weapon	614.6727 -1034.3667 -62.7779	1.625 4.988 -93.169	auto_ammo 1
ttt_random_weapon	964.3912 -471.5771 1.2279	1.122 4.348 -93.820	auto_ammo 1
ttt_random_weapon	962.7198 -511.6755 1.2190	1.661 4.991 -93.088	auto_ammo 1
ttt_random_weapon	472.3491 324.7176 1.2316	1.518 4.979 -93.414	auto_ammo 1
ttt_random_weapon	304.3547 56.0427 1.2237	1.608 4.988 -93.208	auto_ammo 1
ttt_random_weapon	142.5107 43.8140 1.2268	1.573 4.985 -93.289	auto_ammo 1
ttt_random_weapon	3.9661 48.0179 1.2362	1.466 4.971 -93.535	auto_ammo 1
ttt_random_weapon	-961.4670 -174.0280 1.2374	1.452 4.968 -93.565	auto_ammo 1
ttt_random_weapon	-964.7108 -251.3594 1.2192	1.658 4.987 -93.094	auto_ammo 1
ttt_random_weapon	-967.0205 -317.2389 1.2313	1.521 4.979 -93.407	auto_ammo 1
ttt_random_weapon	-1061.2122 -797.5537 -62.7697	1.533 4.981 -93.380	auto_ammo 1
ttt_random_weapon	-896.1354 151.4721 65.2098	1.769 4.971 -92.842	auto_ammo 1
ttt_random_weapon	-737.0903 148.0731 65.2283	1.556 4.984 -93.329	auto_ammo 1
ttt_random_weapon	-665.6368 215.9455 65.2205	1.644 4.988 -93.127	auto_ammo 1
ttt_random_weapon	-1100.6924 -672.2693 129.2237	1.608 4.988 -93.208	auto_ammo 1
ttt_random_weapon	564.5213 318.1848 257.2174	1.679 4.989 -93.047	auto_ammo 1
ttt_random_weapon	742.1005 319.1585 257.2209	1.639 4.988 -93.138	auto_ammo 1
ttt_random_weapon	185.0462 -479.2387 257.2339	1.492 4.975 -93.474	auto_ammo 1
ttt_random_weapon	59.0529 -480.4468 257.2332	1.500 4.977 -93.457	auto_ammo 1
ttt_random_weapon	219.9383 -679.4112 257.2209	1.639 4.988 -93.138	auto_ammo 1
ttt_random_weapon	-33.4449 -737.3966 257.2298	1.539 4.982 -93.366	auto_ammo 1
ttt_random_weapon	-685.8470 280.1969 257.2286	1.552 4.983 -93.337	auto_ammo 1
ttt_random_weapon	-678.1354 169.9000 257.2292	1.546 4.982 -93.352	auto_ammo 1
ttt_random_weapon	-914.6406 801.3559 129.2312	1.523 4.983 -93.404	auto_ammo 1
ttt_random_weapon	-656.1655 782.0476 257.2244	1.600 4.987 -93.227	auto_ammo 1
ttt_random_weapon	-24.3368 776.5424 257.2286	1.552 4.757 -93.337	auto_ammo 1
ttt_random_weapon	-26.9188 824.0676 257.2013	1.860 4.779 -92.631	auto_ammo 1
ttt_random_weapon	569.1977 314.5015 -254.7787	1.635 5.477 -93.148	auto_ammo 1
ttt_random_weapon	571.4897 269.4472 -254.7665	1.497 4.976 -93.462	auto_ammo 1
ttt_random_weapon	571.4207 230.9820 -254.7791	1.639 4.988 -93.138	auto_ammo 1
ttt_random_weapon	189.7043 240.3506 -254.7767	1.612 4.987 -93.199	auto_ammo 1
ttt_random_weapon	254.5974 196.2944 -254.7736	1.577 4.985 -93.280	auto_ammo 1
ttt_random_weapon	571.1437 -336.1573 -218.7616	1.442 4.665 -93.590	auto_ammo 1
ttt_random_weapon	613.7638 -334.4714 -218.7774	1.620 4.692 -93.180	auto_ammo 1
ttt_random_weapon	16.7501 -283.7214 -219.1965	16.176 3.729 -91.021	auto_ammo 1
ttt_random_weapon	21.5536 -238.6127 -220.4238	16.215 5.003 -91.407	auto_ammo 1
ttt_random_weapon	171.4919 -566.1374 -254.7816	1.668 4.987 -93.071	auto_ammo 1
ttt_random_weapon	169.5441 -631.2181 -254.7760	1.604 4.987 -93.218	auto_ammo 1
ttt_random_weapon	197.8039 -634.6710 -446.7596	1.418 4.962 -93.643	auto_ammo 1
ttt_random_weapon	31.1062 -913.8445 -411.3868	1.573 4.759 -93.290	auto_ammo 1
ttt_random_weapon	34.7089 -874.6717 -411.4057	1.786 4.774 -92.801	auto_ammo 1
ttt_random_weapon	295.0052 427.8300 417.1699	1.479 4.515 -92.690	auto_ammo 1
ttt_random_weapon	199.7844 430.4915 417.2191	1.660 4.804 -93.090	auto_ammo 1
ttt_random_weapon	531.0454 -702.6019 -14.8383	2.251 5.678 -91.951	auto_ammo 1
ttt_random_weapon	452.6107 -687.6116 -14.8452	2.323 5.662 -91.803	auto_ammo 1
ttt_random_weapon	452.9693 -620.8243 -14.8027	1.874 5.711 -92.728	auto_ammo 1
ttt_random_weapon	516.3529 -628.5195 -14.7895	1.732 5.716 -93.018	auto_ammo 1
ttt_random_weapon	445.8350 -527.4713 -14.7867	1.703 5.717 -93.078	auto_ammo 1
ttt_random_weapon	591.1918 -449.3045 257.2295	1.542 4.982 -93.359	auto_ammo 1
ttt_random_weapon	593.1053 -501.5826 257.2308	1.527 4.980 -93.394	auto_ammo 1
ttt_random_weapon	-457.9058 261.1783 -254.7749	1.592 4.986 -93.245	auto_ammo 1
ttt_random_weapon	-457.8713 321.5038 -254.7816	1.668 4.987 -93.071	auto_ammo 1
ttt_random_weapon	-1025.5446 289.1232 -126.7694	1.530 4.980 -93.387	auto_ammo 1
ttt_random_weapon	-919.7178 143.0131 -126.7720	1.559 4.984 -93.321	auto_ammo 1
ttt_random_weapon	-799.1082 -382.7785 -126.7787	1.634 4.988 -93.148	auto_ammo 1
ttt_random_weapon	-799.4191 -228.1013 -126.7661	1.492 4.975 -93.474	auto_ammo 1
ttt_random_weapon	-123.2121 777.5061 129.2258	1.583 4.747 -93.265	auto_ammo 1
ttt_random_weapon	-33.4126 -343.7042 1.2179	1.673 4.988 -93.059	auto_ammo 1
ttt_random_weapon	-136.3179 663.4521 -126.7826	1.679 4.988 -93.047	auto_ammo 1
ttt_random_weapon	-137.2417 826.6884 -126.7845	1.700 4.986 -92.998	auto_ammo 1
ttt_random_weapon	-800.6646 794.6823 -126.7845	1.700 4.986 -92.998	auto_ammo 1
ttt_random_weapon	-801.2975 843.8806 -126.7816	1.668 4.987 -93.071	auto_ammo 1
ttt_random_weapon	-35.9357 -582.1072 257.2155	1.700 4.986 -92.998	auto_ammo 1
ttt_random_weapon	-777.1890 -1020.4988 -62.7812	1.663 4.987 -93.083	auto_ammo 1
ttt_random_weapon	-570.7647 312.4241 129.2237	1.608 4.988 -93.208	auto_ammo 1
ttt_random_weapon	276.6874 810.0414 257.2047	1.822 4.776 -92.719	auto_ammo 1
ttt_random_weapon	538.8052 410.0647 1.2034	1.837 4.777 -92.685	auto_ammo 1
ttt_random_weapon	427.2693 412.7723 1.2115	1.746 5.144 -92.894	auto_ammo 1
ttt_random_weapon	439.6307 -1205.4224 -62.7771	1.617 4.988 -93.189	auto_ammo 1
ttt_random_weapon	441.3707 -1234.6882 -62.7840	1.695 4.985 -93.011	auto_ammo 1
ttt_random_weapon	496.9748 -1253.2474 -62.7657	1.488 4.975 -93.485	auto_ammo 1
ttt_random_weapon	445.7349 -1269.1578 -62.7746	1.588 4.986 -93.254	auto_ammo 1
ttt_random_weapon	490.6480 -1283.8054 -62.7809	1.659 4.953 -93.091	auto_ammo 1
ttt_random_weapon	407.9583 -1256.7472 -62.7692	1.527 4.980 -93.394	auto_ammo 1
ttt_random_weapon	406.0937 -1222.7163 -62.7812	1.663 4.987 -93.083	auto_ammo 1
ttt_random_weapon	-798.7777 -60.3085 1.2160	1.695 4.985 -93.011	auto_ammo 1
ttt_random_weapon	886.4039 310.1879 1.2217	1.630 4.989 -93.159	auto_ammo 1
ttt_random_weapon	884.6981 124.0578 1.2205	1.644 4.988 -93.127	auto_ammo 1
ttt_random_weapon	476.6577 194.6652 1.2268	1.573 4.985 -93.289	auto_ammo 1
weapon_zm_molotov	507.0174 168.1942 -203.1102	2.152 -0.119 -2.184
weapon_zm_molotov	506.8250 178.3066 -203.1964	0.692 0.009 -0.311
weapon_zm_molotov	496.5750 175.2385 -203.1589	3.559 -0.113 -3.636
weapon_zm_molotov	558.4225 230.2777 52.6043	2.212 -0.122 -2.262
weapon_zm_molotov	566.0297 226.7782 52.5218	0.648 0.008 -0.319
weapon_zm_molotov	572.5437 232.5030 52.6272	1.501 -0.111 -1.520
weapon_zm_molotov	-886.0339 -794.3304 -11.4667	2.018 0.003 -1.853
weapon_zm_molotov	-902.2264 -796.5527 -11.4037	2.470 -0.123 -2.535
weapon_zm_molotov	-684.2545 186.5148 116.5574	3.382 -0.123 -3.452
weapon_zm_molotov	-1017.5055 22.6875 -75.4195	2.847 -0.125 -2.914
ttt_random_ammo	16.8617 -69.5524 -255.5789	1.585 0.042 1.918
ttt_random_ammo	16.1672 -47.3950 -255.6466	0.055 0.000 -0.008
ttt_random_ammo	18.0759 -19.0975 -255.6647	0.047 0.000 -0.027
ttt_random_ammo	36.5824 -70.4200 -255.6190	0.193 0.001 0.175
ttt_random_ammo	37.1872 -49.6833 -255.6088	0.558 0.004 0.624
ttt_random_ammo	35.1771 -24.4253 -255.6255	0.124 0.000 0.087
ttt_random_ammo	198.9735 -27.1937 -255.6532	0.050 0.000 -0.017
ttt_random_ammo	201.1416 -49.1548 -255.6852	0.048 0.000 -0.036
ttt_random_ammo	201.2811 -68.5001 -255.6384	0.068 0.000 0.012
ttt_random_ammo	169.1919 -21.9726 -255.6672	0.047 0.000 -0.028
ttt_random_ammo	172.6375 -49.7691 -255.6404	0.064 0.000 0.007
ttt_random_ammo	174.6519 -69.5011 -255.6747	0.047 0.000 -0.032
ttt_random_ammo	218.9732 -1041.1785 -447.6647	0.047 0.000 -0.027
ttt_random_ammo	192.2337 -1038.8752 -447.6365	0.073 0.000 0.019
ttt_random_ammo	210.3988 -1015.8063 -447.6308	0.092 0.000 0.046
ttt_random_ammo	135.3088 -987.1857 -447.6099	0.487 0.003 0.537
ttt_random_ammo	87.1830 -981.0749 -447.6852	0.048 0.000 -0.036
ttt_random_ammo	108.4602 -981.1192 -447.5491	0.918 -0.025 -1.111
ttt_random_ammo	124.6940 -963.9875 -447.6222	0.152 0.001 0.123
ttt_random_ammo	84.8358 -957.2564 -447.6404	0.064 -0.000 -0.007
ttt_random_ammo	404.7225 -1078.2628 -447.6617	-0.046 -0.000 -0.025
ttt_random_ammo	337.7045 -1070.2438 -447.5650	0.108 0.129 -0.162
ttt_random_ammo	402.2986 -1054.5465 -447.6105	0.195 0.327 -0.335
ttt_random_ammo	366.2537 -1071.2351 -447.6346	-0.087 -0.159 0.079
ttt_random_ammo	375.3700 -1046.3545 -447.5443	-1.262 -0.031 1.528
ttt_random_ammo	340.7066 -1041.1390 -447.5698	0.100 -0.190 0.210
ttt_random_ammo	239.3909 833.3873 416.3657	0.297 0.327 -0.436
ttt_random_ammo	276.4940 837.8316 416.3725	-0.098 -0.000 0.056
ttt_random_ammo	319.8762 834.3674 416.3311	-0.046 -0.000 -0.029
ttt_random_ammo	359.3055 840.0568 416.4533	-1.272 -0.031 1.536
ttt_random_ammo	397.3091 835.0268 416.3563	-0.056 -0.000 -0.003
ttt_random_ammo	218.9354 799.1754 416.3582	-0.083 0.151 -0.083
ttt_random_ammo	270.2281 805.1469 416.3956	-0.413 -0.003 0.447
ttt_random_ammo	314.8159 804.4719 416.3858	-0.211 -0.001 0.198
ttt_random_ammo	345.7045 802.7473 416.4117	-1.092 -0.015 1.276
ttt_random_ammo	378.0595 804.1084 416.3763	-0.119 -0.000 0.082
ttt_random_ammo	227.0893 761.3931 416.4647	-0.976 -0.026 1.182
ttt_random_ammo	266.7331 766.7122 416.3748	-0.262 0.263 0.427
ttt_random_ammo	304.3082 769.8203 416.3509	0.104 0.168 0.021
ttt_random_ammo	338.7995 771.9151 416.3352	0.046 0.000 -0.026
ttt_random_ammo	363.4802 764.6395 416.4018	-0.605 -0.005 0.683
ttt_random_ammo	411.0923 789.5565 416.3878	-0.244 -0.001 0.240
ttt_random_ammo	450.2874 838.6442 416.3955	-0.403 -0.002 0.435
ttt_random_ammo	-698.7896 226.4243 256.3654	0.078 -0.000 -0.027
ttt_random_ammo	-678.2955 227.8619 256.3762	0.137 0.000 0.104
ttt_random_ammo	-658.6526 227.7082 256.3853	0.286 0.001 0.290
ttt_random_ammo	-466.4142 293.6298 -255.6616	-0.047 -0.000 -0.025
ttt_random_ammo	-449.7590 293.9984 -255.6179	-0.173 -0.001 0.149
ttt_random_ammo	-434.1519 293.8013 -255.5978	-0.650 -0.006 0.736
ttt_random_ammo	-952.3094 190.7296 -79.6217	-0.135 -0.000 0.102
ttt_random_ammo	-930.7311 190.1417 -79.6765	-0.047 -0.000 -0.033
ttt_random_ammo	-907.6810 189.6636 -79.5465	-1.318 -0.032 1.594
ttt_random_ammo	-886.3197 189.2355 -79.6502	-0.051 0.000 0.014
ttt_random_ammo	-815.3632 -247.3731 -127.5746	1.520 0.036 1.843
ttt_random_ammo	-794.9364 -246.4254 -127.6136	0.321 -0.002 -0.333
ttt_random_ammo	-811.6852 -206.7095 -127.5815	1.694 0.036 2.057
ttt_random_ammo	-775.2669 -204.6916 -127.6055	1.108 0.015 1.294
ttt_random_ammo	-783.1505 -281.8399 -127.5507	1.019 -0.027 -1.239
ttt_random_ammo	-808.8796 -283.2440 -127.6255	0.122 0.000 0.085
ttt_random_ammo	-785.2209 -335.5910 -127.6466	0.055 0.000 -0.007
ttt_random_ammo	-804.3827 -336.1767 -127.6327	0.085 0.000 0.036
ttt_random_ammo	-785.3646 -356.4315 -127.6425	0.060 0.000 0.001
ttt_random_ammo	-810.5531 -358.5216 -127.6256	0.121 -0.000 -0.084
ttt_random_ammo	-785.1470 -404.1581 -127.6103	0.483 -0.003 -0.532
ttt_random_ammo	-819.1547 -405.1989 -127.6238	0.136 0.000 0.103
ttt_random_ammo	780.6890 475.0201 0.4513	-1.402 -0.033 1.697
ttt_random_ammo	727.6772 476.2613 0.3706	-0.089 -0.000 0.044
ttt_random_ammo	688.0739 475.2678 0.3744	-0.109 -0.000 0.069
ttt_random_ammo	652.3983 477.0847 0.4064	-0.805 -0.008 0.926
ttt_random_ammo	176.9292 843.3846 256.3686	-0.083 -0.000 0.035
ttt_random_ammo	222.1218 842.1147 256.3383	-0.046 -0.000 -0.025
ttt_random_ammo	206.6908 810.1737 256.4679	-0.879 -0.024 1.065
ttt_random_ammo	383.4895 837.4133 256.3383	-0.046 -0.000 -0.025
ttt_random_ammo	332.4127 845.6478 256.3706	-0.090 -0.000 0.045
ttt_random_ammo	333.0304 806.2333 256.3706	-0.090 -0.000 0.045
ttt_random_ammo	-715.8081 848.9181 256.3810	0.195 0.001 0.177
ttt_random_ammo	-667.3220 848.2950 256.3279	0.047 0.000 -0.031
ttt_random_ammo	-619.5479 845.5070 256.3575	0.061 0.000 0.001
ttt_random_ammo	-556.0106 845.4732 256.3468	0.050 0.000 -0.017
weapon_ttt_smokegrenade	35.6782 -329.1881 52.5995	2.349 -0.124 -2.404
weapon_ttt_smokegrenade	37.0151 -340.9051 52.5327	1.666 0.008 -1.463
weapon_ttt_smokegrenade	25.8763 -339.7968 52.5653	3.272 -0.123 -3.357
weapon_ttt_smokegrenade	458.7341 218.5475 -203.4828	0.508 0.005 -0.154
weapon_ttt_smokegrenade	460.3947 229.1395 -203.4206	2.901 -0.127 -2.974
weapon_ttt_smokegrenade	448.5959 227.3193 -203.4138	2.673 -0.128 -2.730
weapon_ttt_smokegrenade	-686.6362 177.6461 116.5148	0.455 0.004 -0.090
weapon_ttt_smokegrenade	-1005.5108 3.7344 -75.4739	0.857 0.011 -0.558
weapon_ttt_smokegrenade	-1007.9181 15.5207 -75.3365	3.024 -3.951 -3.292
weapon_ttt_confgrenade	361.7244 -1204.2430 -60.4993	0.159 0.195 -1.231
weapon_ttt_confgrenade	378.5233 -1204.9749 -60.4993	0.159 0.195 -1.231
weapon_ttt_confgrenade	361.7482 -1225.5330 -60.4688	0.127 -0.210 0.981
weapon_ttt_confgrenade	362.4164 -1239.8461 -60.4859	0.145 -0.204 1.124
weapon_ttt_confgrenade	375.3274 -1238.5071 -60.4688	0.127 -0.210 0.981
weapon_ttt_confgrenade	364.1917 -1258.2031 -60.4688	0.127 -0.210 0.981
weapon_ttt_confgrenade	375.4027 -1256.5953 -60.4586	0.116 -0.213 0.896
weapon_ttt_confgrenade	379.5381 -1224.5837 -60.4554	0.112 -0.212 0.869
